     1    5.21725      0.948856    0.006106        0
     1    5.24749      1.027004    0.006235        0
     1    5.27773      1.008379    0.006407        0
     1    5.30797      0.995381    0.005841        0
     1    5.33821      1.008242    0.005630        0
     1    5.36846      1.016432    0.005943        0
     1    5.39870      1.024606    0.005759        0
     1    5.42894      1.019934    0.005552        0
     1    5.45918      1.014673    0.005320        0
     1    5.48942      1.015701    0.005207        0
     1    5.51967      1.020535    0.005158        0
     1    5.54991      1.038425    0.005254        0
     1    5.58015      1.046024    0.005372        0
     1    5.61039      1.045202    0.005437        0
     1    5.64063      1.045038    0.005465        0
     1    5.67088      1.049699    0.005331        0
     1    5.70112      1.052099    0.005343        0
     1    5.73136      1.065503    0.005340        0
     1    5.76160      1.069585    0.005348        0
     1    5.79184      1.067244    0.005350        0
     1    5.82209      1.072650    0.005405        0
     1    5.85233      1.081723    0.005299        0
     1    5.88257      1.100218    0.005289        0
     1    5.91281      1.105369    0.005328        0
     1    5.94305      1.102693    0.005372        0
     1    5.97330      1.097641    0.005365        0
     1    6.00354      1.102375    0.005330        0
     1    6.03378      1.113681    0.005276        0
     1    6.06402      1.116682    0.005262        0
     1    6.09426      1.116201    0.005210        0
     1    6.12451      1.123403    0.005232        0
     1    6.15475      1.133917    0.005382        0
     1    6.18499      1.141024    0.005332        0
     1    6.21523      1.142641    0.005408        0
     1    6.24547      1.157688    0.005459        0
     1    6.27572      1.167327    0.005582        0
     1    6.30596      1.164871    0.005923        0
     1    6.33620      1.171398    0.006209        0
     1    6.36644      1.180960    0.006210        0
     1    6.39668      1.184978    0.006225        0
     1    6.42693      1.191708    0.006339        0
     1    6.45717      1.197566    0.006172        0
     1    6.48741      1.216524    0.006325        0
     1    6.51765      1.222152    0.006382        0
     1    6.54789      1.233391    0.006627        0
     1    6.57814      1.240072    0.006819        0
     1    6.60838      1.249467    0.006814        0
     1    6.63862      1.248298    0.006699        0
     1    6.66886      1.240635    0.006728        0
     1    6.69910      1.237556    0.006429        0
     1    6.72935      1.241493    0.006577        0
     1    6.75959      1.253465    0.006638        0
     1    6.78983      1.255172    0.007078        0
     1    6.82007      1.260393    0.007041        0
     1    6.85031      1.273001    0.007447        0
     1    6.88056      1.267059    0.007257        0
     1    6.91080      1.272327    0.007496        0
     1    6.94104      1.282989    0.007758        0
     1    6.97128      1.295072    0.007780        0
     1    7.00152      1.289687    0.007900        0
     1    7.03177      1.286173    0.008579        0
     1    7.06201      1.286040    0.007711        0
     1    7.09225      1.297345    0.007809        0
     1    7.12249      1.304737    0.007572        0
     1    7.15273      1.316502    0.007410        0
     1    7.18298      1.329683    0.007186        0
     1    7.21322      1.330094    0.007316        0
     1    7.24346      1.329657    0.007425        0
     1    7.27370      1.337402    0.007764        0
     1    7.30394      1.334913    0.007664        0
     1    7.33419      1.329274    0.007745        0
     1    7.36443      1.327475    0.007716        0
     1    7.39467      1.333349    0.007814        0
     1    7.42491      1.343859    0.007717        0
     1    7.45515      1.379815    0.008046        0
     1    7.48540      1.402805    0.008314        0
     1    7.51564      1.398963    0.008534        0
     1    7.54588      1.386640    0.008789        0
     2    7.57612      1.413258    0.006591        0
     2    7.63660      1.413914    0.006046        0
     2    7.69709      1.430314    0.005914        0
     2    7.75757      1.466854    0.005611        0
     2    7.81805      1.515474    0.005514        0
     2    7.87854      1.572218    0.005571        0
     2    7.93902      1.638429    0.005568        0
     2    7.99951      1.715054    0.005530        0
     2    8.05999      1.820584    0.005587        0
     2    8.12047      1.935121    0.005744        0
     2    8.18096      2.054847    0.005979        0
     2    8.24144      2.141539    0.006098        0
     2    8.30192      2.222606    0.006206        0
     2    8.36241      2.313254    0.006263        0
     2    8.42289      2.408335    0.006230        0
     2    8.48337      2.512518    0.006356        0
     2    8.54386      2.604566    0.006619        0
     2    8.60434      2.695146    0.006813        0
     2    8.66483      2.789621    0.006960        0
     2    8.72531      2.887321    0.007099        0
     2    8.78579      2.995108    0.007197        0
     2    8.84628      3.112814    0.007478        0
     2    8.90676      3.236741    0.007662        0
     2    8.96724      3.381096    0.007870        0
     2    9.02773      3.527462    0.008042        0
     2    9.08821      3.673877    0.008169        0
     2    9.14869      3.825723    0.008517        0
     2    9.20918      3.943331    0.008820        0
     2    9.26966      4.056328    0.009022        0
     2    9.33015      4.159978    0.009111        0
     2    9.39063      4.241308    0.009476        0
     2    9.45111      4.336256    0.009620        0
     2    9.51160      4.391387    0.009637        0
     2    9.57208      4.445309    0.009687        0
     2    9.63256      4.502125    0.009474        0
     2    9.69305      4.579589    0.009381        0
     2    9.75353      4.625366    0.006098    12288
     2    9.81401      4.688223    0.006533    12288
     2    9.87450      4.725518    0.009549        0
     2    9.93498      4.767596    0.009409        0
     2    9.99547      4.792749    0.009432        0
     2   10.05595      4.807427    0.009324        0
     2   10.11643      4.794738    0.009185        0
     2   10.17692      4.794911    0.008907        0
     2   10.23740      4.788571    0.008570        0
     2   10.29788      4.759275    0.008560        0
     2   10.35837      4.724595    0.008600        0
     2   10.41885      4.706191    0.008632        0
     2   10.47933      4.683651    0.008475        0
     2   10.53982      4.659537    0.008520        0
     2   10.60030      4.638005    0.008525        0
     2   10.66079      4.613390    0.008583        0
     2   10.72127      4.592519    0.008644        0
     2   10.78175      4.582921    0.008804        0
     2   10.84224      4.583239    0.008819        0
     2   10.90272      4.574383    0.008913        0
     2   10.96320      4.556614    0.009108        0
     2   11.02369      4.544806    0.009393        0
     2   11.08417      4.542421    0.009519        0
     2   11.14465      4.501639    0.009489        0
     2   11.20514      4.469700    0.009468        0
     2   11.26562      4.436730    0.009372        0
     2   11.32611      4.388511    0.009243        0
     2   11.38659      4.301558    0.009105        0
     2   11.44707      4.196887    0.009073        0
     2   11.50756      4.106866    0.009023        0
     2   11.56804      4.012739    0.008771        0
     2   11.62852      3.895516    0.008639        0
     2   11.68901      3.815165    0.008336        0
     2   11.74949      3.733694    0.008255        0
     2   11.80997      3.644162    0.008171        0
     2   11.87046      3.571068    0.008021        0
     2   11.93094      3.530770    0.007943        0
     2   11.99143      3.474060    0.007734        0
     2   12.05191      3.410938    0.007706        0
     2   12.11239      3.361315    0.007571        0
     2   12.17288      3.288737    0.007374        0
     2   12.23336      3.242733    0.007281        0
     2   12.29384      3.212185    0.007175        0
     2   12.35433      3.189968    0.007074        0
     2   12.41481      3.176718    0.007015        0
     2   12.47529      3.161142    0.006862        0
     2   12.53578      3.138725    0.006788        0
     2   12.59626      3.131844    0.006729        0
     2   12.65675      3.120154    0.006740        0
     2   12.71723      3.105472    0.006833        0
     2   12.77771      3.113468    0.006889        0
     2   12.83820      3.112382    0.006845        0
     2   12.89868      3.102290    0.006941        0
     2   12.95916      3.092615    0.007048        0
     2   13.01965      3.097907    0.007208        0
     2   13.08013      3.105114    0.007434        0
     2   13.14061      3.103885    0.007596        0
     2   13.20110      3.128603    0.007859        0
     2   13.26158      3.146533    0.008062        0
     2   13.32206      3.154261    0.008291        0
     2   13.38255      3.176527    0.008489        0
     2   13.44303      3.210780    0.008784        0
     2   13.50352      3.229274    0.008935        0
     2   13.56400      3.262078    0.008986        0
     2   13.62448      3.275876    0.008931        0
     2   13.68497      3.322984    0.009028        0
     2   13.74545      3.352596    0.009418        0
     2   13.80593      3.372364    0.009203        0
     2   13.86642      3.398327    0.009306        0
     2   13.92690      3.433092    0.009499        0
     2   13.98738      3.488860    0.009695        0
     2   14.04787      3.513295    0.009876        0
     2   14.10835      3.521327    0.010104        0
     2   14.16884      3.547236    0.010310        0
     2   14.22932      3.499537    0.010314      128
     4   20.75883      6.261427    0.016898        0
     4   20.92818      6.327441    0.015688        0
     4   21.09753      6.305329    0.015055        0
     4   21.26689      6.286862    0.015308        0
     4   21.43624      6.354690    0.014853        0
     4   21.60560      6.346070    0.014585        0
     4   21.77495      6.333816    0.014323        0
     4   21.94430      6.317611    0.015007        0
     4   22.11366      6.299536    0.013855        0
     4   22.28301      6.435688    0.014189        0
     4   22.45236      6.365211    0.014096        0
     4   22.62172      6.355044    0.014496        0
     4   22.79107      6.356506    0.014267        0
     4   22.96043      6.363313    0.014115        0
     4   23.12978      6.419222    0.014403        0
     4   23.29913      6.338750    0.013857        0
     4   23.46849      6.426118    0.014366        0
     4   23.63784      6.444062    0.014106        0
     4   23.80719      6.396132    0.014910        0
     4   23.97655      6.367646    0.014616        0
     4   24.14590      6.250218    0.014637        0
     4   24.31526      6.112099    0.015307        0
     4   24.48461      6.082162    0.016295        0
     4   24.65396      6.177361    0.016268        0
     4   24.82332      6.175486    0.015562        0
     4   24.99267      6.150746    0.015272        0
     4   25.16202      6.126173    0.015383        0
     4   25.33138      6.029758    0.014812        0
     4   25.50073      5.948473    0.014973        0
     4   25.67009      5.982764    0.014871        0
     4   25.83944      5.937338    0.015120        0
     4   26.00879      5.931964    0.015118        0
     4   26.17815      5.817977    0.014127        0
     4   26.34750      5.810652    0.013333        0
     4   26.51685      5.836127    0.012852        0
     4   26.68621      5.856729    0.012569        0
     4   26.85556      5.871060    0.012598        0
     4   27.02492      5.864448    0.012395        0
     4   27.19427      5.872031    0.012287        0
     4   27.36362      5.885203    0.012143        0
     4   27.53298      5.899516    0.012596        0
     4   27.70233      5.835733    0.012943        0
     4   27.87168      5.836205    0.013399        0
     4   28.04104      5.810500    0.014107        0
     4   28.21039      5.868254    0.014776        0
     4   28.37975      5.747193    0.014299        0
     4   28.54910      5.697854    0.013657        0
     4   28.71845      5.669106    0.013962        0
     4   28.88781      5.646015    0.013554        0
     4   29.05716      5.599063    0.013524        0
     4   29.22651      5.605832    0.013493        0
     4   29.39587      5.624700    0.013317        0
     4   29.56522      5.508012    0.012644        0
     4   29.73458      5.507370    0.011793        0
     4   29.90393      5.545723    0.011215        0
     4   30.07328      5.488564    0.011117        0
     4   30.24264      5.468538    0.011716        0
     4   30.41199      5.502377    0.012533        0
     4   30.58134      5.419339    0.013348        0
     4   30.75070      5.485981    0.014727        0
     4   30.92005      5.495245    0.016346        0
     4   31.08941      5.431540    0.016903        0
     4   31.25876      5.413064    0.017631        0
     4   31.42811      5.342415    0.016782        0
     4   31.59747      5.422408    0.016781        0
     4   31.76682      5.397642    0.016453        0
     4   31.93617      5.383184    0.016038        0
     4   32.10553      5.432083    0.016069        0
     4   32.27488      5.526514    0.016337        0
     4   32.44424      5.596461    0.016456        0
     4   32.61359      5.613551    0.016302        0
     4   32.78294      5.529635    0.016157        0
     4   32.95230      5.526292    0.016787        0
     4   33.12165      5.693579    0.018510        0
     4   33.29100      5.870618    0.021587        0
     4   33.46036      5.828874    0.024135        0
     4   33.62971      5.684663    0.027081        0
     4   33.79907      5.812359    0.028698        0
     4   33.96842      5.902109    0.028635        0
     4   34.13777      5.569359    0.025541        0
     4   34.30713      5.503008    0.024132        0
     4   34.47648      5.482266    0.022371        0
     4   34.64583      5.549689    0.021996        0
     4   34.81519      5.624914    0.022521        0
     4   34.98454      5.573632    0.023354        0
     4   35.15390      5.408487    0.024979        0
     4   35.32325      5.277083    0.027433        0
     4   35.49260      5.616293    0.034163        0
     4   35.66196      5.531905    0.038552        0
     4   35.83131      5.241465    0.043268        0
     4   36.00066      5.417324    0.043516        0
     4   36.17002      5.414523    0.041380        0
     4   36.33937      5.433310    0.045656        0
     4   36.50873      5.313661    0.040498        0
     4   36.67808      5.288467    0.037381        0
     4   36.84743      5.273998    0.037830        0
     4   37.01679      5.441619    0.039867        0
     4   37.18614      5.723413    0.046487        0
     4   37.35549      5.138813    0.051019        0
     4   37.52485      4.848387    0.053216        0
     4   37.69420      5.913220    0.078084        0
     4   37.86356      5.123013    0.085585        0
