0.3597	0.00602		0.00261		0.20	Eisner05
0.4377	0.01306		0.00072		0.20	Eisner05
0.5488	0.02911		0.00080		0.20	Eisner05
0.6515	0.05845		0.00215		0.20	Eisner05
0.7981	0.15503		0.01142		0.20	Eisner05
1.235	0.9552		0.0167		0.02	2MASS
1.662	2.0507		0.0510		0.02	2MASS
2.159	3.2389		0.0507		0.02	2MASS	
3.3526  4.4278          0.9094          0.02    WISE
4.6028  6.8579          1.5791          0.03    WISE
11.561  9.4864          0.2272          0.05    WISE
18.     9.2860          0.1890          0.10    AKARI
22.088  13.218          0.1826          0.06    WISE
350.	4.322		0.118		0.25	Andrews07
443.	3.030		0.271		0.25	Andrews07
858.6	0.906		0.007		0.10	Andrews09
1330.	0.258		0.003		0.10	Andrews07
3300.	0.0272		0.0012		0.10	Ricci10
