     1    5.21725      4.536433    0.014350        0
     1    5.24749      4.718801    0.014469        0
     1    5.27773      4.694914    0.014430        0
     1    5.30797      4.666196    0.013719        0
     1    5.33821      4.689877    0.013274        0
     1    5.36846      4.717685    0.013296        0
     1    5.39870      4.698573    0.013286        0
     1    5.42894      4.712271    0.013116        0
     1    5.45918      4.649316    0.012550        0
     1    5.48942      4.618364    0.012141        0
     1    5.51967      4.625044    0.012103        0
     1    5.54991      4.644721    0.012271        0
     1    5.58015      4.646118    0.012500        0
     1    5.61039      4.610095    0.012557        0
     1    5.64063      4.597449    0.012463        0
     1    5.67088      4.601817    0.012250        0
     1    5.70112      4.625355    0.012185        0
     1    5.73136      4.655660    0.012254        0
     1    5.76160      4.622513    0.012277        0
     1    5.79184      4.586330    0.012248        0
     1    5.82209      4.604209    0.012211        0
     1    5.85233      4.611370    0.012120        0
     1    5.88257      4.654768    0.012079        0
     1    5.91281      4.646655    0.012026        0
     1    5.94305      4.637852    0.012048        0
     1    5.97330      4.598899    0.011968        0
     1    6.00354      4.561213    0.011972        0
     1    6.03378      4.566062    0.011874        0
     1    6.06402      4.571933    0.011770        0
     1    6.09426      4.542721    0.011685        0
     1    6.12451      4.524367    0.011663        0
     1    6.15475      4.496811    0.011670        0
     1    6.18499      4.482359    0.011664        0
     1    6.21523      4.473666    0.011734        0
     1    6.24547      4.493764    0.011851        0
     1    6.27572      4.477491    0.012127        0
     1    6.30596      4.483958    0.012551        0
     1    6.33620      4.499981    0.013021        0
     1    6.36644      4.523615    0.013379        0
     1    6.39668      4.540859    0.013448        0
     1    6.42693      4.589266    0.013409        0
     1    6.45717      4.616059    0.013302        0
     1    6.48741      4.694608    0.013528        0
     1    6.51765      4.685621    0.013753        0
     1    6.54789      4.701268    0.014219        0
     1    6.57814      4.771967    0.014705        0
     1    6.60838      4.835295    0.015315        0
     1    6.63862      4.838532    0.014459        0
     1    6.66886      4.686293    0.013868        0
     1    6.69910      4.630524    0.013625        0
     1    6.72935      4.642167    0.013721        0
     1    6.75959      4.644301    0.014053        0
     1    6.78983      4.661836    0.014536        0
     1    6.82007      4.671183    0.014881        0
     1    6.85031      4.653778    0.015102        0
     1    6.88056      4.642809    0.015258        0
     1    6.91080      4.578747    0.015372        0
     1    6.94104      4.574060    0.015768        0
     1    6.97128      4.591376    0.016134        0
     1    7.00152      4.573753    0.016356        0
     1    7.03177      4.597457    0.016351        0
     1    7.06201      4.587127    0.015997        0
     1    7.09225      4.573038    0.015457        0
     1    7.12249      4.586371    0.014963        0
     1    7.15273      4.600513    0.014599        0
     1    7.18298      4.609744    0.014576        0
     1    7.21322      4.606061    0.014866        0
     1    7.24346      4.616198    0.015196        0
     1    7.27370      4.610078    0.015494        0
     1    7.30394      4.578343    0.015594        0
     1    7.33419      4.572025    0.015630        0
     1    7.36443      4.572807    0.015582        0
     1    7.39467      4.543879    0.015569        0
     1    7.42491      4.573650    0.015787        0
     1    7.45515      4.661513    0.016263        0
     1    7.48540      4.675498    0.016776        0
     1    7.51564      4.613831    0.017208        0
     1    7.54588      4.585440    0.017747        0
     2    7.57612      4.714818    0.012815        0
     2    7.63660      4.665470    0.012257        0
     2    7.69709      4.650679    0.011526        0
     2    7.75757      4.720902    0.011074        0
     2    7.81805      4.791327    0.010876        0
     2    7.87854      4.865072    0.010859        0
     2    7.93902      4.927295    0.010803        0
     2    7.99951      5.011218    0.010534        0
     2    8.05999      5.140374    0.010397        0
     2    8.12047      5.282889    0.010408        0
     2    8.18096      5.431706    0.010558        0
     2    8.24144      5.553721    0.010658        0
     2    8.30192      5.667542    0.010845        0
     2    8.36241      5.794419    0.010765        0
     2    8.42289      5.915938    0.010752        0
     2    8.48337      6.046216    0.010965        0
     2    8.54386      6.173663    0.011319        0
     2    8.60434      6.295670    0.011553        0
     2    8.66483      6.442063    0.011699        0
     2    8.72531      6.575935    0.011815        0
     2    8.78579      6.715477    0.011882        0
     2    8.84628      6.872835    0.012045        0
     2    8.90676      7.009149    0.012187        0
     2    8.96724      7.208362    0.012444        0
     2    9.02773      7.396213    0.012604        0
     2    9.08821      7.597017    0.012741        0
     2    9.14869      7.764956    0.013626        0
     2    9.20918      7.922462    0.013760        0
     2    9.26966      8.075091    0.014700        0
     2    9.33015      8.206658    0.014957        0
     2    9.39063      8.367583    0.015255        0
     2    9.45111      8.505497    0.015420        0
     2    9.51160      8.610138    0.015421        0
     2    9.57208      8.722323    0.015183        0
     2    9.63256      8.803762    0.014734        0
     2    9.69305      8.917149    0.014317        0
     2    9.75353      8.971777    0.008751    12288
     2    9.81401      9.042734    0.008665    12288
     2    9.87450      9.105118    0.014102        0
     2    9.93498      9.162927    0.013261        0
     2    9.99547      9.181514    0.013017        0
     2   10.05595      9.219330    0.012826        0
     2   10.11643      9.218275    0.012590        0
     2   10.17692      9.214160    0.012459        0
     2   10.23740      9.234325    0.012458        0
     2   10.29788      9.221765    0.012481        0
     2   10.35837      9.196562    0.012611        0
     2   10.41885      9.180788    0.012874        0
     2   10.47933      9.144476    0.012745        0
     2   10.53982      9.134654    0.012852        0
     2   10.60030      9.120527    0.012969        0
     2   10.66079      9.065468    0.013071        0
     2   10.72127      9.034695    0.013236        0
     2   10.78175      9.027406    0.013547        0
     2   10.84224      9.008759    0.013862        0
     2   10.90272      8.982308    0.014246        0
     2   10.96320      8.949582    0.014602        0
     2   11.02369      8.928488    0.014940        0
     2   11.08417      8.873552    0.015208        0
     2   11.14465      8.818791    0.015214        0
     2   11.20514      8.792136    0.014718        0
     2   11.26562      8.743096    0.014537        0
     2   11.32611      8.690648    0.014373        0
     2   11.38659      8.566139    0.014148        0
     2   11.44707      8.478691    0.013224        0
     2   11.50756      8.380135    0.013257        0
     2   11.56804      8.303539    0.013326        0
     2   11.62852      8.182974    0.013324        0
     2   11.68901      8.076033    0.013401        0
     2   11.74949      7.968091    0.013343        0
     2   11.80997      7.801125    0.013220        0
     2   11.87046      7.676983    0.012994        0
     2   11.93094      7.619835    0.012932        0
     2   11.99143      7.526779    0.012655        0
     2   12.05191      7.450217    0.012513        0
     2   12.11239      7.369910    0.012337        0
     2   12.17288      7.260281    0.012133        0
     2   12.23336      7.212205    0.012015        0
     2   12.29384      7.177712    0.011883        0
     2   12.35433      7.150619    0.011726        0
     2   12.41481      7.124659    0.011556        0
     2   12.47529      7.100268    0.011403        0
     2   12.53578      7.069034    0.011294        0
     2   12.59626      7.050219    0.011197        0
     2   12.65675      7.007248    0.011106        0
     2   12.71723      6.960812    0.011078        0
     2   12.77771      6.972509    0.011153        0
     2   12.83820      6.969425    0.011297        0
     2   12.89868      6.945785    0.011470        0
     2   12.95916      6.932062    0.011674        0
     2   13.01965      6.970232    0.011957        0
     2   13.08013      6.978675    0.012283        0
     2   13.14061      6.952552    0.012544        0
     2   13.20110      6.989350    0.012920        0
     2   13.26158      7.023131    0.013296        0
     2   13.32206      7.031547    0.013629        0
     2   13.38255      7.057246    0.013979        0
     2   13.44303      7.160055    0.014411        0
     2   13.50352      7.196174    0.014583        0
     2   13.56400      7.216926    0.014612        0
     2   13.62448      7.252109    0.014607        0
     2   13.68497      7.356088    0.014790        0
     2   13.74545      7.385321    0.014862        0
     2   13.80593      7.412154    0.015040        0
     2   13.86642      7.502673    0.015246        0
     2   13.92690      7.575802    0.015520        0
     2   13.98738      7.670072    0.015844        0
     2   14.04787      7.705780    0.016170        0
     2   14.10835      7.662327    0.016435        0
     2   14.16884      7.719051    0.016766        0
     2   14.22932      7.632779    0.016757      128
