0.4377	0.03732		0.02406		0.10	Grankin07
0.5488	0.10965		0.05049		0.10	Grankin07
0.6515	0.32419		0.20901		0.10	Grankin07
1.235	0.7615		0.0274		0.02	2MASS
1.662	1.0683		0.0236		0.02	2MASS
2.159	1.0955		0.0262		0.02	2MASS	
3.3526  0.8367          0.0555          0.02    WISE
4.6028  0.8117          0.0321          0.03    WISE
9.      2.9650          0.0308          0.10    AKARI
11.561  3.3259          0.0368          0.05    WISE
18.     4.9870          0.1110          0.10    AKARI
22.088  6.1996          0.0742          0.06    WISE
65.	4.6460		0.4190		0.20	AKARI
70.	4.0030		0.0445		0.20	Herschel
90.	5.4520		0.1680		0.25	AKARI
140.	5.6970		2.3100		0.25	AKARI
250.	2.9073		0.1039		0.25	Herschel
350.	2.3327		0.1310		0.25	Herschel
350.	3.000		0.072		0.25	Andrews07
443.	1.915		0.206		0.25	Andrews07
500.	1.5462		0.1051		0.25	Herschel
859.	0.577		0.003		0.10	Andrews09
1250.	0.300		0.025		0.25	Andre94
1400.	0.252		0.025		0	Huang16
3300.	0.0175		0.0005		0.10	Ricci10
8000.	0.00008		0.000002	0.10	Perez12

