0.6515	0.0158		0		0.3	Wilking05
0.7981	0.0389		0		0.3	Wilking05
1.235	0.1754		0.0039		0.02	2MASS
1.662	0.3323		0.0110		0.02	2MASS
2.159	0.3480		0.0054		0.02	2MASS	
3.3526	0.3994		0.0107		0.02	WISE
3.550	0.212		0.0153		0.02	C2D
4.493	0.169		0.0123		0.02	C2D
4.6028	0.3258		0.0060		0.03	WISE
5.731	0.193		0.0119		0.02	C2D
7.872	0.222		0.0117		0.02	C2D
11.561	0.1967		0.0033		0.05	WISE
22.088	0.2407		0.0084		0.06	WISE
23.68	0.211		0.0195		0.05	C2D
70.	0.4413		0.0095		0.20	Herschel
100.	0.5081		0.0275 		0.20	Herschel
160.	0.5219		0.1271		0.25	Herschel
869.    0.079           0.007           0.10    Andrews07
872.8	0.0764		0.0014		0.10	Cox17
881.9   0.0793          0.0035          0.10    Andrews10
1250.   0.04            0.01            0.20    Andre94
3300.	0.0037		0.0003		0.10	Ricci10
