0.3597	0.00025		0		0.5	Vrba93
0.4377	0.0019		0		0.5	Vrba93
0.5488	0.0102		0		0.5	Vrba93
0.6515	0.0272		0		0.3	Wilking05
0.7981	0.0579		0		0.3	Wilking05
1.235	0.2793		0.0059		0.02	2MASS
1.662	0.4482		0.0219		0.02	2MASS
2.159	0.4844		0.0071		0.02	2MASS	
3.3526	0.4229		0.0167		0.02	WISE
3.550	0.367		0.0203		0.02	C2D
4.493	0.292		0.015		0.02	C2D
4.6028	0.3334		0.0064		0.03	WISE
5.731	0.299		0.0146		0.02	C2D
7.872	0.258		0.0125		0.02	C2D
11.561	0.2120		0.0043		0.05	WISE
22.088	0.4952		0.0195		0.06	WISE
23.68	0.399		0.0371		0.05	C2D
70.	1.3239		0.0877		0.20	Herschel
71.44	1.100		0.132		0.10	C2D
100.	1.9374		0.1868 		0.20	Herschel
160.	3.2548		1.0501		0.25	Herschel
450.0   1.900           0.33	        0.30    Dent98
865.    0.563 	        0.0028	        0.10    Andrews09
872.8	0.515		0.018		0.10	Cox17
1250.   0.280           0.015 	        0.30    Andre94
2800.	0.0281		0.0042		0.10	Perez15
3300.	0.025		0.0006		0.10	Ricci10
8000.	0.00117		0.00013		0.10	Perez15
9800.	0.00066		0.00007		0.10	Perez15
