     4   20.75883      0.463270    0.005279        0
     4   20.92818      0.486842    0.004372        0
     4   21.09753      0.477406    0.003994        0
     4   21.26689      0.475499    0.004512        0
     4   21.43624      0.493316    0.004329        0
     4   21.60560      0.492606    0.003853        0
     4   21.77495      0.486948    0.004175        0
     4   21.94430      0.501479    0.004674        0
     4   22.11366      0.510166    0.004091        0
     4   22.28301      0.503515    0.003806        0
     4   22.45236      0.505584    0.004060        0
     4   22.62172      0.523717    0.004438        0
     4   22.79107      0.535387    0.004021        0
     4   22.96043      0.539581    0.003586        0
     4   23.12978      0.534982    0.003616        0
     4   23.29913      0.532308    0.003929        0
     4   23.46849      0.558150    0.003957        0
     4   23.63784      0.572624    0.003537        0
     4   23.80719      0.557301    0.003214        0
     4   23.97655      0.548214    0.003275        0
     4   24.14590      0.550464    0.003564        0
     4   24.31526      0.559897    0.003743        0
     4   24.48461      0.567551    0.003557        0
     4   24.65396      0.564504    0.003488        0
     4   24.82332      0.565105    0.003773        0
     4   24.99267      0.573518    0.004037        0
     4   25.16202      0.577085    0.004054        0
     4   25.33138      0.576867    0.003784        0
     4   25.50073      0.563341    0.003690        0
     4   25.67009      0.580410    0.004074        0
     4   25.83944      0.586430    0.004436        0
     4   26.00879      0.597855    0.004516        0
     4   26.17815      0.596750    0.004174        0
     4   26.34750      0.598272    0.003845        0
     4   26.51685      0.598365    0.003660        0
     4   26.68621      0.607541    0.003777        0
     4   26.85556      0.614358    0.003948        0
     4   27.02492      0.628492    0.003978        0
     4   27.19427      0.641477    0.003940        0
     4   27.36362      0.648149    0.003834        0
     4   27.53298      0.650011    0.003790        0
     4   27.70233      0.648795    0.003941        0
     4   27.87168      0.653558    0.004392        0
     4   28.04104      0.658054    0.005110        0
     4   28.21039      0.674352    0.005667        0
     4   28.37975      0.668052    0.005309        0
     4   28.54910      0.665528    0.004970        0
     4   28.71845      0.655433    0.004761        0
     4   28.88781      0.657847    0.004906        0
     4   29.05716      0.651765    0.005235        0
     4   29.22651      0.657381    0.005504        0
     4   29.39587      0.674499    0.005297        0
     4   29.56522      0.673662    0.005123        0
     4   29.73458      0.674281    0.004836        0
     4   29.90393      0.677682    0.004499        0
     4   30.07328      0.675339    0.004422        0
     4   30.24264      0.679306    0.004610        0
     4   30.41199      0.688319    0.005119        0
     4   30.58134      0.684133    0.005592        0
     4   30.75070      0.694180    0.006213        0
     4   30.92005      0.702163    0.006731        0
     4   31.08941      0.712029    0.007219        0
     4   31.25876      0.697038    0.007570        0
     4   31.42811      0.697080    0.007215        0
     4   31.59747      0.703186    0.007375        0
     4   31.76682      0.708855    0.007279        0
     4   31.93617      0.724940    0.007199        0
     4   32.10553      0.745616    0.007110        0
     4   32.27488      0.763482    0.007321        0
     4   32.44424      0.791323    0.007393        0
     4   32.61359      0.807088    0.007420        0
     4   32.78294      0.798917    0.007425        0
     4   32.95230      0.802796    0.007595        0
     4   33.12165      0.835557    0.008459        0
     4   33.29100      0.869641    0.009832        0
     4   33.46036      0.880885    0.011293        0
     4   33.62971      0.837974    0.012825        0
     4   33.79907      0.856002    0.013359        0
     4   33.96842      0.889560    0.013511        0
     4   34.13777      0.818501    0.012001        0
     4   34.30713      0.799273    0.011583        0
     4   34.47648      0.807302    0.010942        0
     4   34.64583      0.824995    0.010938        0
     4   34.81519      0.834597    0.011287        0
     4   34.98454      0.829483    0.011679        0
     4   35.15390      0.823951    0.012356        0
     4   35.32325      0.824998    0.013672        0
     4   35.49260      0.864961    0.016137        0
     4   35.66196      0.827858    0.019645        0
     4   35.83131      0.846116    0.022784        0
     4   36.00066      0.871199    0.022293        0
     4   36.17002      0.865241    0.020921        0
     4   36.33937      0.852333    0.021733        0
     4   36.50873      0.833840    0.020408        0
     4   36.67808      0.848016    0.019948        0
     4   36.84743      0.835724    0.020212        0
     4   37.01679      0.841006    0.021483        0
     4   37.18614      0.883523    0.025106        0
     4   37.35549      0.788391    0.027078        0
     4   37.52485      0.807130    0.027503        0
     4   37.69420      0.897147    0.038600        0
     4   37.86356      0.798750    0.053352        0
