1.235   0.0148		0.0003		0.02    2MASS
1.662   0.1089	        0.0024	        0.02    2MASS
2.159   0.3937	        0.0112	        0.02    2MASS
3.3526	1.0534		0.0805		0.02	WISE
3.550   0.757		0.0449		0.02	C2D
4.493	1.010		0.0622		0.02	C2D
4.6028	1.5711		0.0912		0.03	WISE
5.731	0.967		0.0528		0.02	C2D
7.872	0.996		0.0575		0.02	C2D
9.	1.688		0.0157		0.10	AKARI
11.561	1.2053		0.0178		0.05	WISE
22.088	1.2763		0.0353		0.06	WISE
23.68	0.948		0.0879		0.05	C2D
70.	1.7280		0.2972		0.20	Herschel
100.	1.8543		0.3720		0.25	Herschel
869.    0.142           0.0070          0.10    Andrews07
882.0   0.275           0.0020          0.10    Andrews10
1250.	0.076		0.010		0.20	Stanke02
3300.	0.0073		0.0005		0.10	Ricci10
