     1    5.21725      0.368918    0.006709        0
     1    5.24749      0.374973    0.006671        0
     1    5.27773      0.377036    0.006748        0
     1    5.30797      0.366158    0.006259        0
     1    5.33821      0.364789    0.006007        0
     1    5.36846      0.360776    0.005981        0
     1    5.39870      0.355270    0.005950        0
     1    5.42894      0.358703    0.005864        0
     1    5.45918      0.345033    0.005509        0
     1    5.48942      0.341404    0.005283        0
     1    5.51967      0.344780    0.005267        0
     1    5.54991      0.332395    0.005265        0
     1    5.58015      0.341920    0.005402        0
     1    5.61039      0.335254    0.005426        0
     1    5.64063      0.341380    0.005422        0
     1    5.67088      0.335410    0.005299        0
     1    5.70112      0.340674    0.005331        0
     1    5.73136      0.337437    0.005506        0
     1    5.76160      0.331790    0.005608        0
     1    5.79184      0.326283    0.005417        0
     1    5.82209      0.343831    0.005403        0
     1    5.85233      0.338330    0.005316        0
     1    5.88257      0.340364    0.005284        0
     1    5.91281      0.341502    0.005280        0
     1    5.94305      0.340735    0.005295        0
     1    5.97330      0.328060    0.005215        0
     1    6.00354      0.327840    0.005229        0
     1    6.03378      0.334319    0.005249        0
     1    6.06402      0.333179    0.005172        0
     1    6.09426      0.326289    0.005169        0
     1    6.12451      0.322299    0.005157        0
     1    6.15475      0.322907    0.005274        0
     1    6.18499      0.326716    0.005314        0
     1    6.21523      0.323305    0.005377        0
     1    6.24547      0.318431    0.005400        0
     1    6.27572      0.315653    0.005522        0
     1    6.30596      0.319902    0.005662        0
     1    6.33620      0.323087    0.005946        0
     1    6.36644      0.322712    0.006081        0
     1    6.39668      0.331558    0.006107        0
     1    6.42693      0.326948    0.006180        0
     1    6.45717      0.335261    0.006014        0
     1    6.48741      0.336670    0.006101        0
     1    6.51765      0.341866    0.006276        0
     1    6.54789      0.339938    0.006512        0
     1    6.57814      0.350851    0.006795        0
     1    6.60838      0.360945    0.006871        0
     1    6.63862      0.360048    0.006678        0
     1    6.66886      0.339562    0.006299        0
     1    6.69910      0.340963    0.006254        0
     1    6.72935      0.336862    0.006279        0
     1    6.75959      0.335913    0.006483        0
     1    6.78983      0.333824    0.006756        0
     1    6.82007      0.339121    0.006996        0
     1    6.85031      0.341609    0.007157        0
     1    6.88056      0.326086    0.007090        0
     1    6.91080      0.325067    0.007250        0
     1    6.94104      0.334294    0.007534        0
     1    6.97128      0.332601    0.007707        0
     1    7.00152      0.329668    0.007909        0
     1    7.03177      0.333947    0.007930        0
     1    7.06201      0.336507    0.007837        0
     1    7.09225      0.329797    0.007635        0
     1    7.12249      0.319364    0.007247        0
     1    7.15273      0.325738    0.007123        0
     1    7.18298      0.337765    0.007099        0
     1    7.21322      0.331178    0.007306        0
     1    7.24346      0.320229    0.007529        0
     1    7.27370      0.325408    0.007921        0
     1    7.30394      0.334399    0.008047        0
     1    7.33419      0.332953    0.008078        0
     1    7.36443      0.335518    0.008088        0
     1    7.39467      0.339890    0.008112        0
     1    7.42491      0.337549    0.008200        0
     1    7.45515      0.345989    0.008571        0
     1    7.48540      0.359478    0.008878        0
     1    7.51564      0.352935    0.009148        0
     1    7.54588      0.336058    0.009485        0
     2    7.57612      0.346851    0.006146        0
     2    7.63660      0.334796    0.005892        0
     2    7.69709      0.330146    0.005495        0
     2    7.75757      0.340746    0.005196        0
     2    7.81805      0.339622    0.005087        0
     2    7.87854      0.353662    0.005037        0
     2    7.93902      0.351194    0.004973        0
     2    7.99951      0.341813    0.004783        0
     2    8.05999      0.344120    0.004584        0
     2    8.12047      0.343012    0.004476        0
     2    8.18096      0.339008    0.004484        0
     2    8.24144      0.342115    0.004445        0
     2    8.30192      0.340599    0.004464        0
     2    8.36241      0.340151    0.004338        0
     2    8.42289      0.338503    0.004262        0
     2    8.48337      0.331392    0.004242        0
     2    8.54386      0.324104    0.004329        0
     2    8.60434      0.329611    0.004362        0
     2    8.66483      0.326427    0.004354        0
     2    8.72531      0.320720    0.004272        0
     2    8.78579      0.319225    0.004180        0
     2    8.84628      0.300834    0.004150        0
     2    8.90676      0.303686    0.004160        0
     2    8.96724      0.295867    0.004172        0
     2    9.02773      0.288676    0.004137        0
     2    9.08821      0.289879    0.004092        0
     2    9.14869      0.274553    0.003985        0
     2    9.20918      0.272726    0.003940        0
     2    9.26966      0.269959    0.003958        0
     2    9.33015      0.265368    0.003944        0
     2    9.39063      0.261191    0.003991        0
     2    9.45111      0.252721    0.003932        0
     2    9.51160      0.251953    0.003936        0
     2    9.57208      0.257973    0.003846        0
     2    9.63256      0.252736    0.003752        0
     2    9.69305      0.255942    0.003649        0
     2    9.75353      0.248667    0.002219    12288
     2    9.81401      0.254864    0.002168    12288
     2    9.87450      0.257337    0.003447        0
     2    9.93498      0.255388    0.003375        0
     2    9.99547      0.254618    0.003371        0
     2   10.05595      0.260702    0.003307        0
     2   10.11643      0.266744    0.003313        0
     2   10.17692      0.273039    0.003222        0
     2   10.23740      0.278920    0.003235        0
     2   10.29788      0.284861    0.003285        0
     2   10.35837      0.293160    0.003320        0
     2   10.41885      0.290625    0.003401        0
     2   10.47933      0.288105    0.003453        0
     2   10.53982      0.291166    0.003486        0
     2   10.60030      0.295111    0.003546        0
     2   10.66079      0.299299    0.003607        0
     2   10.72127      0.306450    0.003694        0
     2   10.78175      0.309960    0.003791        0
     2   10.84224      0.319368    0.003941        0
     2   10.90272      0.326925    0.004077        0
     2   10.96320      0.328819    0.004247        0
     2   11.02369      0.335339    0.004439        0
     2   11.08417      0.340202    0.004729        0
     2   11.14465      0.340967    0.004671        0
     2   11.20514      0.345548    0.004910        0
     2   11.26562      0.351656    0.005014        0
     2   11.32611      0.366631    0.005000        0
     2   11.38659      0.365603    0.004966        0
     2   11.44707      0.361459    0.004891        0
     2   11.50756      0.365633    0.004936        0
     2   11.56804      0.360386    0.004997        0
     2   11.62852      0.361648    0.005020        0
     2   11.68901      0.365448    0.005041        0
     2   11.74949      0.363020    0.005071        0
     2   11.80997      0.361185    0.005048        0
     2   11.87046      0.362684    0.005018        0
     2   11.93094      0.365124    0.005093        0
     2   11.99143      0.363306    0.005060        0
     2   12.05191      0.365513    0.005125        0
     2   12.11239      0.370335    0.005171        0
     2   12.17288      0.364068    0.005146        0
     2   12.23336      0.365838    0.005180        0
     2   12.29384      0.378564    0.005201        0
     2   12.35433      0.374542    0.005120        0
     2   12.41481      0.379256    0.005090        0
     2   12.47529      0.390115    0.004990        0
     2   12.53578      0.387286    0.004973        0
     2   12.59626      0.375913    0.004899        0
     2   12.65675      0.366719    0.004850        0
     2   12.71723      0.363804    0.004869        0
     2   12.77771      0.371499    0.004877        0
     2   12.83820      0.373677    0.004943        0
     2   12.89868      0.363491    0.004996        0
     2   12.95916      0.368799    0.005081        0
     2   13.01965      0.372098    0.005220        0
     2   13.08013      0.368928    0.005380        0
     2   13.14061      0.364636    0.005530        0
     2   13.20110      0.362855    0.005719        0
     2   13.26158      0.369399    0.005820        0
     2   13.32206      0.370633    0.005961        0
     2   13.38255      0.370054    0.006070        0
     2   13.44303      0.382259    0.006280        0
     2   13.50352      0.376810    0.006350        0
     2   13.56400      0.369825    0.006295        0
     2   13.62448      0.366289    0.006320        0
     2   13.68497      0.374630    0.006389        0
     2   13.74545      0.378853    0.006424        0
     2   13.80593      0.369826    0.006523        0
     2   13.86642      0.372665    0.006608        0
     2   13.92690      0.385541    0.006739        0
     2   13.98738      0.395934    0.006931        0
     2   14.04787      0.395683    0.007094        0
     2   14.10835      0.382804    0.007208        0
     2   14.16884      0.388545    0.004796    12288
     2   14.22932      0.391475    0.004694    12416
     3   14.32338      0.364636    0.006819        0
     3   14.40806      0.380290    0.006602        0
     3   14.49274      0.387872    0.006575        0
     3   14.57741      0.392235    0.006738        0
     3   14.66209      0.384022    0.007224        0
     3   14.74677      0.368981    0.007808        0
     3   14.83145      0.377437    0.008149        0
     3   14.91612      0.379616    0.008199        0
     3   15.00080      0.381023    0.007737        0
     3   15.08548      0.369703    0.007364        0
     3   15.17015      0.380624    0.007188        0
     3   15.25483      0.378097    0.006894        0
     3   15.33951      0.372855    0.006432        0
     3   15.42418      0.366650    0.005948        0
     3   15.50886      0.367758    0.005783        0
     3   15.59354      0.376874    0.005867        0
     3   15.67821      0.385321    0.005908        0
     3   15.76289      0.388747    0.006306        0
     3   15.84757      0.383329    0.007106        0
     3   15.93224      0.377074    0.008169        0
     3   16.01692      0.392486    0.009033        0
     3   16.10160      0.383480    0.009031        0
     3   16.18628      0.383647    0.009238        0
     3   16.27095      0.359516    0.009536        0
     3   16.35563      0.326749    0.009233        0
     3   16.44031      0.303527    0.008522        0
     3   16.52498      0.303449    0.008168        0
     3   16.60966      0.334501    0.007846        0
     3   16.69434      0.348470    0.007629        0
     3   16.77901      0.341978    0.008012        0
     3   16.86369      0.329748    0.008576        0
     3   16.94837      0.343983    0.009206        0
     3   17.03304      0.340851    0.009922        0
     3   17.11772      0.319374    0.009913        0
     3   17.20240      0.338707    0.009642        0
     3   17.28707      0.337908    0.009855        0
     3   17.37175      0.353815    0.010036        0
     3   17.45643      0.334676    0.009155        0
     3   17.54111      0.351417    0.008337        0
     3   17.62578      0.368200    0.007932        0
     3   17.71046      0.368612    0.008087        0
     3   17.79514      0.367789    0.008348        0
     3   17.87981      0.369168    0.008836        0
     3   17.96449      0.381825    0.009381        0
     3   18.04917      0.399327    0.009904        0
     3   18.13384      0.384706    0.010465        0
     3   18.21852      0.401697    0.011247        0
     3   18.30320      0.393113    0.011306        0
     3   18.38787      0.395245    0.011541        0
     3   18.47255      0.387305    0.011342        0
     3   18.55723      0.389114    0.011106        0
     3   18.64190      0.403378    0.010738        0
     3   18.72658      0.407005    0.010425        0
     3   18.81126      0.410542    0.010277        0
     3   18.89594      0.424115    0.010288        0
     3   18.98061      0.414004    0.010665        0
     3   19.06529      0.424071    0.011416        0
     3   19.14997      0.435619    0.013054        0
     3   19.23464      0.423580    0.015329        0
     3   19.31932      0.433781    0.015547        0
     3   19.40400      0.440163    0.015911        0
     3   19.48867      0.434434    0.015475        0
     3   19.57335      0.432274    0.010019    12288
     3   19.65803      0.415585    0.009548    12288
     3   19.74270      0.410415    0.014011        0
     3   19.82738      0.401073    0.013637        0
     3   19.91206      0.417627    0.013109        0
     3   19.99673      0.426017    0.013257        0
     3   20.08141      0.420271    0.014158        0
     3   20.16609      0.417695    0.013907        0
     3   20.25077      0.419712    0.015126        0
     3   20.33544      0.437805    0.016602        0
     3   20.42012      0.441493    0.018838        0
     3   20.50480      0.425478    0.018247        0
     3   20.58947      0.457952    0.019457        0
     4   20.75883      0.424088    0.013831        0
     4   20.92818      0.401119    0.011680        0
     4   21.09753      0.415843    0.010759        0
     4   21.26689      0.432110    0.012313        0
     4   21.43624      0.417358    0.011529        0
     4   21.60560      0.425699    0.010015        0
     4   21.77495      0.429926    0.011040        0
     4   21.94430      0.422583    0.012132        0
     4   22.11366      0.393235    0.010563        0
     4   22.28301      0.420280    0.009622        0
     4   22.45236      0.442453    0.010550        0
     4   22.62172      0.417709    0.011432        0
     4   22.79107      0.379864    0.010415        0
     4   22.96043      0.392081    0.009013        0
     4   23.12978      0.419975    0.009304        0
     4   23.29913      0.389607    0.010721        0
     4   23.46849      0.377937    0.010546        0
     4   23.63784      0.388362    0.009577        0
     4   23.80719      0.400301    0.008697        0
     4   23.97655      0.409407    0.009019        0
     4   24.14590      0.376517    0.009947        0
     4   24.31526      0.324513    0.010400        0
     4   24.48461      0.319967    0.010040        0
     4   24.65396      0.370316    0.009727        0
     4   24.82332      0.369607    0.010605        0
     4   24.99267      0.359819    0.011424        0
     4   25.16202      0.372078    0.011278        0
     4   25.33138      0.342057    0.010464        0
     4   25.50073      0.324836    0.010310        0
     4   25.67009      0.324679    0.011162        0
