0.6515	0.00148		0		0.3	Wilking05
0.7981	0.00646		0		0.3	Wilking05
1.235	0.1595		0.0034		0.02	2MASS
1.662	0.5936		0.0268		0.02	2MASS
2.159	1.4125		0.0299		0.02	2MASS	
3.3526	0.7437		0.0548		0.02	WISE
3.550	2.220		0.121 		0.02	C2D
4.493	2.330		0.122		0.02	C2D
4.6028	1.2972		0.0669		0.03	WISE
5.731	2.700		0.136 		0.02	C2D
7.872	3.140		0.211 		0.02	C2D
9.	2.658		0.65		0.10	AKARI
11.561	1.9893		0.0257		0.05	WISE
22.088	2.8971		0.0534		0.06	WISE
23.68	2.920		0.277 		0.05	C2D
70.	3.0048		0.1287		0.20	Herschel
71.44	4.230		0.416		0.10	C2D
100.	3.6420		0.2360 		0.20	Herschel
160.	6.0734		1.0479		0.25	Herschel
350.    5.242           0.213           0.25    Andrews07
443.    3.012           0.216           0.25    Andrews07
869.    0.838	        0.008           0.10    Andrews07
872.8	0.489		0.039		0.10	Cox17
881.8   0.9             0.00424         0.10    Andrews10
1250.   0.39	        0.01	        0.20    Andre94
1330.6	0.345		0.035		0.0	Cieza18
1334.4	0.3681		0.0009		0.10	Dipierro18
3300.	0.0488		0.0007		0.10	Ricci10
