1.235	0.0080		0.00019		0.02	2MASS
1.662	0.0587		0.00141		0.02	2MASS
2.159	0.1746		0.00306		0.02	2MASS	
3.3526	0.2883		0.0077		0.02	WISE
3.550	0.289		0.0158 		0.02	C2D
4.493	0.372		0.0204		0.02	C2D
4.6028	0.4016		0.0081		0.03	WISE
5.731	0.374		0.0180 		0.02	C2D
7.872	0.381		0.0184 		0.02	C2D
9.	0.4912		0.0739		0.10	AKARI
11.561	0.3538		0.0052		0.05	WISE
22.088	0.6760		0.0143		0.06	WISE
23.68	0.501		0.0464 		0.05	C2D
70.	2.1834		0.5083		0.20	Herschel
100.	2.6885		0.6380 		0.20	Herschel
160.	2.5708		0.4405		0.25	Herschel
350.    1.882           0.074           0.25    Andrews07
882.    0.663           0.003           0.10    Andrews09
1250.   0.291           0.020           0.20    Stanke06
1300.	0.282		0.020		0	Isella09
3300.	0.0387		0.0006		0.10	Ricci10
