     1    5.21725      1.246338    0.011319        0
     1    5.24749      1.295273    0.011413        0
     1    5.27773      1.283797    0.011426        0
     1    5.30797      1.264517    0.010796        0
     1    5.33821      1.271404    0.010443        0
     1    5.36846      1.278986    0.010484        0
     1    5.39870      1.283466    0.010476        0
     1    5.42894      1.267580    0.010221        0
     1    5.45918      1.265431    0.009833        0
     1    5.48942      1.261166    0.009467        0
     1    5.51967      1.261049    0.009433        0
     1    5.54991      1.250925    0.009518        0
     1    5.58015      1.243171    0.009682        0
     1    5.61039      1.244181    0.009761        0
     1    5.64063      1.232490    0.009660        0
     1    5.67088      1.241154    0.009538        0
     1    5.70112      1.227600    0.009409        0
     1    5.73136      1.227839    0.009416        0
     1    5.76160      1.219990    0.009440        0
     1    5.79184      1.212925    0.009445        0
     1    5.82209      1.214631    0.009413        0
     1    5.85233      1.210854    0.009338        0
     1    5.88257      1.217866    0.009311        0
     1    5.91281      1.225807    0.009319        0
     1    5.94305      1.216827    0.009311        0
     1    5.97330      1.201881    0.009253        0
     1    6.00354      1.201105    0.009296        0
     1    6.03378      1.202958    0.009258        0
     1    6.06402      1.198136    0.009175        0
     1    6.09426      1.192550    0.009146        0
     1    6.12451      1.177175    0.009187        0
     1    6.15475      1.166917    0.009332        0
     1    6.18499      1.168394    0.009416        0
     1    6.21523      1.162586    0.009524        0
     1    6.24547      1.175523    0.009578        0
     1    6.27572      1.179293    0.009759        0
     1    6.30596      1.170319    0.010005        0
     1    6.33620      1.174040    0.010341        0
     1    6.36644      1.168213    0.010568        0
     1    6.39668      1.169246    0.010622        0
     1    6.42693      1.177103    0.010505        0
     1    6.45717      1.183116    0.010433        0
     1    6.48741      1.187883    0.010617        0
     1    6.51765      1.196991    0.010792        0
     1    6.54789      1.200131    0.011247        0
     1    6.57814      1.203043    0.011504        0
     1    6.60838      1.206828    0.011600        0
     1    6.63862      1.212086    0.011362        0
     1    6.66886      1.196511    0.011000        0
     1    6.69910      1.191272    0.010883        0
     1    6.72935      1.188349    0.010898        0
     1    6.75959      1.196933    0.011215        0
     1    6.78983      1.181655    0.011606        0
     1    6.82007      1.183990    0.011873        0
     1    6.85031      1.177771    0.012136        0
     1    6.88056      1.164999    0.012235        0
     1    6.91080      1.159129    0.012419        0
     1    6.94104      1.174268    0.012752        0
     1    6.97128      1.162613    0.012953        0
     1    7.00152      1.166197    0.013190        0
     1    7.03177      1.164581    0.013098        0
     1    7.06201      1.158561    0.012888        0
     1    7.09225      1.167141    0.012560        0
     1    7.12249      1.156515    0.012093        0
     1    7.15273      1.169286    0.011818        0
     1    7.18298      1.172883    0.011790        0
     1    7.21322      1.170869    0.012106        0
     1    7.24346      1.182316    0.012440        0
     1    7.27370      1.176465    0.012820        0
     1    7.30394      1.165597    0.012987        0
     1    7.33419      1.162497    0.012940        0
     1    7.36443      1.169639    0.012951        0
     1    7.39467      1.159912    0.012986        0
     1    7.42491      1.166145    0.013248        0
     1    7.45515      1.183553    0.013738        0
     1    7.48540      1.193191    0.014926        0
     1    7.51564      1.174076    0.015232        0
     1    7.54588      1.168554    0.015459        0
     2    7.57612      1.134896    0.011735        0
     2    7.63660      1.103064    0.011156        0
     2    7.69709      1.090488    0.010383        0
     2    7.75757      1.103162    0.009791        0
     2    7.81805      1.109711    0.009546        0
     2    7.87854      1.113419    0.009436        0
     2    7.93902      1.103336    0.009273        0
     2    7.99951      1.084132    0.008859        0
     2    8.05999      1.092725    0.008538        0
     2    8.12047      1.091243    0.008358        0
     2    8.18096      1.083404    0.008343        0
     2    8.24144      1.073739    0.008295        0
     2    8.30192      1.077389    0.008311        0
     2    8.36241      1.059550    0.008099        0
     2    8.42289      1.050467    0.007968        0
     2    8.48337      1.051316    0.008012        0
     2    8.54386      1.040535    0.008199        0
     2    8.60434      1.034829    0.008266        0
     2    8.66483      1.030530    0.008203        0
     2    8.72531      1.008792    0.008024        0
     2    8.78579      1.000024    0.007891        0
     2    8.84628      0.982584    0.007806        0
     2    8.90676      0.978217    0.007810        0
     2    8.96724      0.964795    0.007863        0
     2    9.02773      0.943053    0.007796        0
     2    9.08821      0.924336    0.007737        0
     2    9.14869      0.909815    0.007596        0
     2    9.20918      0.896991    0.007571        0
     2    9.26966      0.882523    0.007547        0
     2    9.33015      0.869305    0.007566        0
     2    9.39063      0.858752    0.007640        0
     2    9.45111      0.849240    0.007607        0
     2    9.51160      0.830075    0.007481        0
     2    9.57208      0.820721    0.007267        0
     2    9.63256      0.815643    0.007060        0
     2    9.69305      0.821392    0.006805        0
     2    9.75353      0.821052    0.004115    12288
     2    9.81401      0.828161    0.004040    12288
     2    9.87450      0.830035    0.006336        0
     2    9.93498      0.830209    0.006225        0
     2    9.99547      0.834244    0.006122        0
     2   10.05595      0.840801    0.006032        0
     2   10.11643      0.844329    0.005928        0
     2   10.17692      0.851107    0.005882        0
     2   10.23740      0.860718    0.005886        0
     2   10.29788      0.872509    0.005956        0
     2   10.35837      0.878942    0.005992        0
     2   10.41885      0.889213    0.006041        0
     2   10.47933      0.894790    0.006118        0
     2   10.53982      0.898093    0.006220        0
     2   10.60030      0.912668    0.006325        0
     2   10.66079      0.904594    0.006486        0
     2   10.72127      0.904864    0.006577        0
     2   10.78175      0.906654    0.006732        0
     2   10.84224      0.933260    0.006932        0
     2   10.90272      0.935496    0.007258        0
     2   10.96320      0.938131    0.007620        0
     2   11.02369      0.948238    0.007966        0
     2   11.08417      0.944676    0.008297        0
     2   11.14465      0.952741    0.008677        0
     2   11.20514      0.964039    0.009317        0
     2   11.26562      0.976123    0.009529        0
     2   11.32611      0.972859    0.009347        0
     2   11.38659      0.974728    0.009075        0
     2   11.44707      0.968771    0.008940        0
     2   11.50756      0.971583    0.008936        0
     2   11.56804      0.984589    0.009002        0
     2   11.62852      0.976491    0.008969        0
     2   11.68901      0.979756    0.008998        0
     2   11.74949      0.976391    0.009023        0
     2   11.80997      0.969371    0.008985        0
     2   11.87046      0.964773    0.008863        0
     2   11.93094      0.976048    0.008932        0
     2   11.99143      0.976044    0.008821        0
     2   12.05191      0.989391    0.008892        0
     2   12.11239      0.987337    0.008906        0
     2   12.17288      0.985371    0.008838        0
     2   12.23336      0.980575    0.008983        0
     2   12.29384      0.983604    0.008980        0
     2   12.35433      0.995652    0.008863        0
     2   12.41481      1.008045    0.008751        0
     2   12.47529      1.005246    0.008639        0
     2   12.53578      1.004689    0.008602        0
     2   12.59626      1.004673    0.008582        0
     2   12.65675      1.002658    0.008591        0
     2   12.71723      1.006362    0.008633        0
     2   12.77771      1.005057    0.008669        0
     2   12.83820      0.989172    0.008707        0
     2   12.89868      0.986606    0.008786        0
     2   12.95916      0.993566    0.008912        0
     2   13.01965      0.989075    0.009135        0
     2   13.08013      0.990919    0.009443        0
     2   13.14061      0.985244    0.009673        0
     2   13.20110      0.990558    0.010007        0
     2   13.26158      0.993122    0.010262        0
     2   13.32206      0.997074    0.010481        0
     2   13.38255      0.990929    0.010698        0
     2   13.44303      0.994751    0.010929        0
     2   13.50352      1.007855    0.011056        0
     2   13.56400      1.019382    0.011113        0
     2   13.62448      1.035209    0.011211        0
     2   13.68497      1.052930    0.011366        0
     2   13.74545      1.040159    0.011756        0
     2   13.80593      1.038579    0.011663        0
     2   13.86642      1.021682    0.011614        0
     2   13.92690      1.054000    0.011890        0
     2   13.98738      1.079225    0.012205        0
     2   14.04787      1.064911    0.012399        0
     2   14.10835      1.043557    0.012643        0
     2   14.16884      1.025551    0.012830        0
     2   14.22932      1.010460    0.012870      128
     3   14.32338      1.148650    0.009463        0
     3   14.40806      1.151718    0.009138        0
     3   14.49274      1.157450    0.009067        0
     3   14.57741      1.143788    0.009296        0
     3   14.66209      1.117605    0.009898        0
     3   14.74677      1.106736    0.010589        0
     3   14.83145      1.116805    0.011078        0
     3   14.91612      1.101116    0.011130        0
     3   15.00080      1.102024    0.010633        0
     3   15.08548      1.097454    0.010250        0
     3   15.17015      1.112728    0.010129        0
     3   15.25483      1.112251    0.009625        0
     3   15.33951      1.107302    0.008917        0
     3   15.42418      1.101535    0.008265        0
     3   15.50886      1.105484    0.007964        0
     3   15.59354      1.110618    0.007952        0
     3   15.67821      1.113789    0.008137        0
     3   15.76289      1.109482    0.008631        0
     3   15.84757      1.113412    0.009655        0
     3   15.93224      1.127140    0.011117        0
     3   16.01692      1.138609    0.012165        0
     3   16.10160      1.109209    0.012262        0
     3   16.18628      1.115857    0.012580        0
     3   16.27095      1.123036    0.012962        0
     3   16.35563      1.113162    0.012678        0
     3   16.44031      1.129962    0.011758        0
     3   16.52498      1.136133    0.010770        0
     3   16.60966      1.139176    0.010246        0
     3   16.69434      1.144897    0.010333        0
     3   16.77901      1.130056    0.010780        0
     3   16.86369      1.123630    0.011539        0
     3   16.94837      1.118946    0.012585        0
     3   17.03304      1.161814    0.014085        0
     3   17.11772      1.147819    0.013858        0
     3   17.20240      1.149919    0.013208        0
     3   17.28707      1.144846    0.013587        0
     3   17.37175      1.154451    0.013555        0
     3   17.45643      1.100718    0.012492        0
     3   17.54111      1.101688    0.011412        0
     3   17.62578      1.084166    0.010822        0
     3   17.71046      1.088131    0.010889        0
     3   17.79514      1.082606    0.011164        0
     3   17.87981      1.086079    0.011723        0
     3   17.96449      1.082699    0.012304        0
     3   18.04917      1.069455    0.013003        0
     3   18.13384      1.090958    0.013845        0
     3   18.21852      1.090614    0.014707        0
     3   18.30320      1.075877    0.014858        0
     3   18.38787      1.091746    0.015220        0
     3   18.47255      1.112366    0.015069        0
     3   18.55723      1.074127    0.014512        0
     3   18.64190      1.088987    0.014037        0
     3   18.72658      1.077765    0.013465        0
     3   18.81126      1.080891    0.013111        0
     3   18.89594      1.096285    0.013177        0
     3   18.98061      1.095216    0.013471        0
     3   19.06529      1.100488    0.014328        0
     3   19.14997      1.113226    0.016112        0
     3   19.23464      1.112600    0.018018        0
     3   19.31932      1.136665    0.019627        0
     3   19.40400      1.127530    0.020092        0
     3   19.48867      1.082666    0.019722        0
     3   19.57335      1.136185    0.019765        0
     3   19.65803      1.131700    0.019090        0
     3   19.74270      1.122475    0.018145        0
     3   19.82738      1.126392    0.017447        0
     3   19.91206      1.139398    0.016683        0
     3   19.99673      1.118130    0.016480        0
     3   20.08141      1.093397    0.016950        0
     3   20.16609      1.100017    0.017437        0
     3   20.25077      1.108817    0.018863        0
     3   20.33544      1.110554    0.020568        0
     3   20.42012      1.086986    0.021709        0
     3   20.50480      1.092475    0.022447        0
     3   20.58947      1.160918    0.024055        0
     4   20.75883      1.092617    0.017446        0
     4   20.92818      1.108548    0.015006        0
     4   21.09753      1.111804    0.013751        0
     4   21.26689      1.107619    0.015782        0
     4   21.43624      1.123895    0.014822        0
     4   21.60560      1.138775    0.013003        0
     4   21.77495      1.140690    0.014223        0
     4   21.94430      1.140478    0.015842        0
     4   22.11366      1.113160    0.013863        0
     4   22.28301      1.148141    0.012699        0
     4   22.45236      1.152020    0.013828        0
     4   22.62172      1.118600    0.014821        0
     4   22.79107      1.129855    0.013393        0
     4   22.96043      1.145125    0.011644        0
     4   23.12978      1.157774    0.011896        0
     4   23.29913      1.152172    0.013098        0
     4   23.46849      1.169357    0.013138        0
     4   23.63784      1.182930    0.011869        0
     4   23.80719      1.196681    0.010841        0
     4   23.97655      1.203623    0.011140        0
     4   24.14590      1.165558    0.012055        0
     4   24.31526      1.137476    0.012724        0
     4   24.48461      1.146313    0.012260        0
     4   24.65396      1.160992    0.011851        0
     4   24.82332      1.179889    0.012845        0
     4   24.99267      1.207498    0.013851        0
     4   25.16202      1.236603    0.013763        0
     4   25.33138      1.201551    0.012819        0
     4   25.50073      1.164151    0.012625        0
     4   25.67009      1.181430    0.013751        0
     4   25.83944      1.196975    0.014969        0
     4   26.00879      1.210576    0.015140        0
     4   26.17815      1.170901    0.014175        0
     4   26.34750      1.163209    0.012849        0
     4   26.51685      1.196490    0.012257        0
     4   26.68621      1.211800    0.012661        0
     4   26.85556      1.190079    0.013219        0
     4   27.02492      1.166312    0.013517        0
     4   27.19427      1.170644    0.013343        0
     4   27.36362      1.197774    0.012818        0
     4   27.53298      1.200953    0.012737        0
     4   27.70233      1.192570    0.013308        0
     4   27.87168      1.208645    0.014891        0
     4   28.04104      1.192340    0.017169        0
     4   28.21039      1.221113    0.019085        0
     4   28.37975      1.234860    0.017975        0
     4   28.54910      1.204163    0.016641        0
     4   28.71845      1.160773    0.015974        0
     4   28.88781      1.191548    0.016586        0
     4   29.05716      1.174438    0.017639        0
     4   29.22651      1.168891    0.018373        0
     4   29.39587      1.209055    0.017978        0
     4   29.56522      1.182608    0.017098        0
     4   29.73458      1.173402    0.016065        0
     4   29.90393      1.188967    0.015253        0
     4   30.07328      1.186624    0.015042        0
     4   30.24264      1.205604    0.015803        0
     4   30.41199      1.233937    0.017499        0
     4   30.58134      1.206538    0.019216        0
     4   30.75070      1.203885    0.021406        0
     4   30.92005      1.211664    0.023314        0
     4   31.08941      1.222008    0.024958        0
     4   31.25876      1.174311    0.025921        0
     4   31.42811      1.161605    0.024944        0
     4   31.59747      1.202967    0.025517        0
     4   31.76682      1.209038    0.025275        0
     4   31.93617      1.180257    0.024434        0
     4   32.10553      1.207553    0.024946        0
     4   32.27488      1.211553    0.025419        0
     4   32.44424      1.250234    0.025479        0
     4   32.61359      1.281623    0.025513        0
     4   32.78294      1.284464    0.025699        0
     4   32.95230      1.328925    0.026828        0
     4   33.12165      1.352785    0.029450        0
     4   33.29100      1.370656    0.034273        0
     4   33.46036      1.339855    0.038734        0
     4   33.62971      1.243601    0.044950        0
     4   33.79907      1.387328    0.046961        0
     4   33.96842      1.348671    0.047594        0
     4   34.13777      1.289137    0.042816        0
     4   34.30713      1.323421    0.040294        0
     4   34.47648      1.336450    0.038962        0
     4   34.64583      1.454655    0.039993        0
     4   34.81519      1.540131    0.041374        0
     4   34.98454      1.443848    0.042356        0
     4   35.15390      1.296336    0.044502        0
     4   35.32325      1.300329    0.048873        0
     4   35.49260      1.433162    0.059484        0
     4   35.66196      1.381613    0.070569        0
     4   35.83131      1.190881    0.080344        0
     4   36.00066      1.267152    0.080880        0
     4   36.17002      1.159556    0.077339        0
     4   36.33937      1.286018    0.077146        0
     4   36.50873      1.291101    0.073336        0
     4   36.67808      1.336022    0.072448        0
     4   36.84743      1.439331    0.071025        0
     4   37.01679      1.446552    0.075339        0
     4   37.18614      1.380532    0.088057        0
     4   37.35549      1.243538    0.095429        0
     4   37.52485      1.207146    0.105015        0
     4   37.69420      1.494298    0.143989        0
     4   37.86356      1.179005    0.189605        0
