     1    5.21725      0.084509    0.002075        0
     1    5.24749      0.099434    0.002172        0
     1    5.27773      0.101542    0.002229        0
     1    5.30797      0.096633    0.002044        0
     1    5.33821      0.097151    0.001957        0
     1    5.36846      0.099368    0.001986        0
     1    5.39870      0.098212    0.002148        0
     1    5.42894      0.099934    0.001989        0
     1    5.45918      0.096959    0.001872        0
     1    5.48942      0.095403    0.001877        0
     1    5.51967      0.097448    0.001829        0
     1    5.54991      0.094176    0.001895        0
     1    5.58015      0.095436    0.001923        0
     1    5.61039      0.097702    0.001911        0
     1    5.64063      0.096874    0.001880        0
     1    5.67088      0.093850    0.001791        0
     1    5.70112      0.094574    0.001786        0
     1    5.73136      0.096322    0.001801        0
     1    5.76160      0.094426    0.001808        0
     1    5.79184      0.092752    0.001891        0
     1    5.82209      0.094806    0.001903        0
     1    5.85233      0.092383    0.001804        0
     1    5.88257      0.094198    0.001832        0
     1    5.91281      0.096571    0.001850        0
     1    5.94305      0.095125    0.001890        0
     1    5.97330      0.095662    0.001811        0
     1    6.00354      0.096235    0.001816        0
     1    6.03378      0.092492    0.001797        0
     1    6.06402      0.089023    0.001790        0
     1    6.09426      0.090952    0.001819        0
     1    6.12451      0.094754    0.001775        0
     1    6.15475      0.096466    0.001872        0
     1    6.18499      0.095233    0.001814        0
     1    6.21523      0.093698    0.001829        0
     1    6.24547      0.093146    0.001770        0
     1    6.27572      0.093689    0.001827        0
     1    6.30596      0.093076    0.001885        0
     1    6.33620      0.091334    0.001958        0
     1    6.36644      0.090954    0.002040        0
     1    6.39668      0.086848    0.002007        0
     1    6.42693      0.089679    0.001981        0
     1    6.45717      0.089281    0.001959        0
     1    6.48741      0.091299    0.001997        0
     1    6.51765      0.089849    0.002025        0
     1    6.54789      0.088555    0.002129        0
     1    6.57814      0.088009    0.002202        0
     1    6.60838      0.091042    0.002268        0
     1    6.63862      0.088922    0.002175        0
     1    6.66886      0.087947    0.002208        0
     1    6.69910      0.087564    0.002117        0
     1    6.72935      0.090122    0.002090        0
     1    6.75959      0.090547    0.002217        0
     1    6.78983      0.089841    0.002371        0
     1    6.82007      0.087395    0.002303        0
     1    6.85031      0.086405    0.002379        0
     1    6.88056      0.084998    0.002463        0
     1    6.91080      0.087693    0.002481        0
     1    6.94104      0.089570    0.002625        0
     1    6.97128      0.091080    0.002859        0
     1    7.00152      0.084676    0.002698        0
     1    7.03177      0.084834    0.002711        0
     1    7.06201      0.081995    0.002660        0
     1    7.09225      0.085370    0.002555        0
     1    7.12249      0.083594    0.002415        0
     1    7.15273      0.087868    0.002376        0
     1    7.18298      0.087535    0.002452        0
     1    7.21322      0.089421    0.002467        0
     1    7.24346      0.096782    0.002821        0
     1    7.27370      0.092080    0.002661        0
     1    7.30394      0.085568    0.002642        0
     1    7.33419      0.083547    0.002737        0
     1    7.36443      0.081819    0.002618        0
     1    7.39467      0.086778    0.002741        0
     1    7.42491      0.087996    0.002706        0
     1    7.45515      0.089762    0.002865        0
     1    7.48540      0.087190    0.002871        0
     1    7.51564      0.085372    0.003147        0
     1    7.54588      0.089874    0.003221        0
     2    7.57612      0.074900    0.001821        0
     2    7.63660      0.075216    0.001746        0
     2    7.69709      0.072299    0.001597        0
     2    7.75757      0.074072    0.001507        0
     2    7.81805      0.078498    0.001530        0
     2    7.87854      0.079973    0.001633        0
     2    7.93902      0.080941    0.001539        0
     2    7.99951      0.078355    0.001426        0
     2    8.05999      0.079422    0.001378        0
     2    8.12047      0.085111    0.001391        0
     2    8.18096      0.087785    0.001409        0
     2    8.24144      0.089486    0.001458        0
     2    8.30192      0.089706    0.001465        0
     2    8.36241      0.092829    0.001465        0
     2    8.42289      0.098296    0.001450        0
     2    8.48337      0.097826    0.001442        0
     2    8.54386      0.099726    0.001493        0
     2    8.60434      0.104136    0.001533        0
     2    8.66483      0.103011    0.001557        0
     2    8.72531      0.102545    0.001559        0
     2    8.78579      0.104678    0.001573        0
     2    8.84628      0.106747    0.001547        0
     2    8.90676      0.108836    0.001581        0
     2    8.96724      0.113922    0.001614        0
     2    9.02773      0.116065    0.001650        0
     2    9.08821      0.116210    0.001654        0
     2    9.14869      0.120559    0.001628        0
     2    9.20918      0.121666    0.001631        0
     2    9.26966      0.121893    0.001647        0
     2    9.33015      0.121671    0.001691        0
     2    9.39063      0.123012    0.001704        0
     2    9.45111      0.121477    0.001794        0
     2    9.51160      0.122971    0.001720        0
     2    9.57208      0.124524    0.001715        0
     2    9.63256      0.122071    0.001692        0
     2    9.69305      0.123150    0.001625        0
     2    9.75353      0.122326    0.000969    12288
     2    9.81401      0.122318    0.000958    12288
     2    9.87450      0.122012    0.001491        0
     2    9.93498      0.123132    0.001492        0
     2    9.99547      0.125460    0.001478        0
     2   10.05595      0.124160    0.001456        0
     2   10.11643      0.123138    0.001409        0
     2   10.17692      0.124236    0.001395        0
     2   10.23740      0.126188    0.001406        0
     2   10.29788      0.124830    0.001480        0
     2   10.35837      0.123899    0.001445        0
     2   10.41885      0.124154    0.001480        0
     2   10.47933      0.122397    0.001498        0
     2   10.53982      0.122682    0.001502        0
     2   10.60030      0.123603    0.001543        0
     2   10.66079      0.120824    0.001532        0
     2   10.72127      0.122337    0.001556        0
     2   10.78175      0.125226    0.001612        0
     2   10.84224      0.122922    0.001673        0
     2   10.90272      0.120391    0.001686        0
     2   10.96320      0.121138    0.001776        0
     2   11.02369      0.122886    0.001776        0
     2   11.08417      0.123049    0.001815        0
     2   11.14465      0.119545    0.001953        0
     2   11.20514      0.121751    0.001895        0
     2   11.26562      0.122686    0.001917        0
     2   11.32611      0.120249    0.001887        0
     2   11.38659      0.118944    0.001875        0
     2   11.44707      0.121441    0.001927        0
     2   11.50756      0.118195    0.001907        0
     2   11.56804      0.119111    0.001936        0
     2   11.62852      0.117172    0.001990        0
     2   11.68901      0.114956    0.001955        0
     2   11.74949      0.112828    0.002008        0
     2   11.80997      0.112664    0.002008        0
     2   11.87046      0.110738    0.001955        0
     2   11.93094      0.106561    0.001914        0
     2   11.99143      0.108521    0.001906        0
     2   12.05191      0.107323    0.001922        0
     2   12.11239      0.106322    0.001868        0
     2   12.17288      0.105652    0.001895        0
     2   12.23336      0.104380    0.001871        0
     2   12.29384      0.105514    0.001865        0
     2   12.35433      0.107985    0.001908        0
     2   12.41481      0.108835    0.001852        0
     2   12.47529      0.105681    0.001809        0
     2   12.53578      0.106501    0.001809        0
     2   12.59626      0.110612    0.001796        0
     2   12.65675      0.111701    0.001821        0
     2   12.71723      0.108661    0.001811        0
     2   12.77771      0.106765    0.001805        0
     2   12.83820      0.110153    0.001847        0
     2   12.89868      0.111566    0.001903        0
     2   12.95916      0.110060    0.001934        0
     2   13.01965      0.109743    0.001994        0
     2   13.08013      0.109966    0.002051        0
     2   13.14061      0.108923    0.002115        0
     2   13.20110      0.112084    0.002202        0
     2   13.26158      0.112921    0.002287        0
     2   13.32206      0.112061    0.002341        0
     2   13.38255      0.111367    0.002457        0
     2   13.44303      0.114755    0.002472        0
     2   13.50352      0.116242    0.002450        0
     2   13.56400      0.115777    0.002449        0
     2   13.62448      0.117053    0.002534        0
     2   13.68497      0.122140    0.002579        0
     2   13.74545      0.118426    0.002535        0
     2   13.80593      0.122657    0.002592        0
     2   13.86642      0.119947    0.002673        0
     2   13.92690      0.123891    0.002668        0
     2   13.98738      0.127908    0.002758        0
     2   14.04787      0.126879    0.002799        0
     2   14.10835      0.126772    0.002852        0
     2   14.16884      0.121879    0.002877        0
     2   14.22932      0.124038    0.002948      128
     4   20.75883      0.253525    0.003038        0
     4   20.92818      0.260481    0.002630        0
     4   21.09753      0.250167    0.002406        0
     4   21.26689      0.249997    0.002717        0
     4   21.43624      0.263295    0.002567        0
     4   21.60560      0.254011    0.002257        0
     4   21.77495      0.248340    0.002464        0
     4   21.94430      0.254787    0.002726        0
     4   22.11366      0.253535    0.002425        0
     4   22.28301      0.248402    0.002210        0
     4   22.45236      0.247349    0.002328        0
     4   22.62172      0.251372    0.002483        0
     4   22.79107      0.255542    0.002283        0
     4   22.96043      0.253910    0.001933        0
     4   23.12978      0.247926    0.001980        0
     4   23.29913      0.247495    0.002142        0
     4   23.46849      0.255806    0.002189        0
     4   23.63784      0.260985    0.001950        0
     4   23.80719      0.253055    0.001775        0
     4   23.97655      0.250362    0.001812        0
     4   24.14590      0.252981    0.002010        0
     4   24.31526      0.251035    0.002078        0
     4   24.48461      0.251810    0.001957        0
     4   24.65396      0.247696    0.001941        0
     4   24.82332      0.246852    0.002100        0
     4   24.99267      0.250292    0.002253        0
     4   25.16202      0.253373    0.002213        0
     4   25.33138      0.248991    0.002021        0
     4   25.50073      0.246425    0.001987        0
     4   25.67009      0.243989    0.002169        0
     4   25.83944      0.243123    0.002356        0
     4   26.00879      0.247267    0.002380        0
     4   26.17815      0.244366    0.002218        0
     4   26.34750      0.241891    0.001999        0
     4   26.51685      0.242598    0.001913        0
     4   26.68621      0.243638    0.001992        0
     4   26.85556      0.244656    0.002069        0
     4   27.02492      0.245113    0.002093        0
     4   27.19427      0.246445    0.002081        0
     4   27.36362      0.248058    0.001995        0
     4   27.53298      0.248891    0.001965        0
     4   27.70233      0.244922    0.002064        0
     4   27.87168      0.244291    0.002295        0
     4   28.04104      0.247410    0.002583        0
     4   28.21039      0.234656    0.002852        0
     4   28.37975      0.241009    0.002723        0
     4   28.54910      0.245588    0.002544        0
     4   28.71845      0.243173    0.002433        0
     4   28.88781      0.237107    0.002505        0
     4   29.05716      0.238349    0.002631        0
     4   29.22651      0.234611    0.002771        0
     4   29.39587      0.237957    0.002699        0
     4   29.56522      0.234150    0.002538        0
     4   29.73458      0.236011    0.002371        0
     4   29.90393      0.239642    0.002259        0
     4   30.07328      0.235149    0.002194        0
     4   30.24264      0.230578    0.002318        0
     4   30.41199      0.235093    0.002581        0
     4   30.58134      0.234504    0.002819        0
     4   30.75070      0.238034    0.003151        0
     4   30.92005      0.234571    0.003372        0
     4   31.08941      0.228513    0.003663        0
     4   31.25876      0.234901    0.003708        0
     4   31.42811      0.230803    0.003689        0
     4   31.59747      0.234654    0.003725        0
     4   31.76682      0.224891    0.003609        0
     4   31.93617      0.225202    0.003511        0
     4   32.10553      0.238574    0.003541        0
     4   32.27488      0.244580    0.003636        0
     4   32.44424      0.238777    0.003680        0
     4   32.61359      0.237667    0.003673        0
     4   32.78294      0.240233    0.003703        0
     4   32.95230      0.240130    0.003891        0
     4   33.12165      0.248674    0.004141        0
     4   33.29100      0.249559    0.004914        0
     4   33.46036      0.246948    0.005551        0
     4   33.62971      0.238899    0.006488        0
     4   33.79907      0.253445    0.006684        0
     4   33.96842      0.252807    0.006845        0
     4   34.13777      0.240862    0.006878        0
     4   34.30713      0.241615    0.005901        0
     4   34.47648      0.243553    0.005474        0
     4   34.64583      0.240420    0.005476        0
     4   34.81519      0.238540    0.005578        0
     4   34.98454      0.240040    0.005776        0
     4   35.15390      0.232934    0.006353        0
     4   35.32325      0.215148    0.007246        0
     4   35.49260      0.245685    0.008570        0
     4   35.66196      0.252431    0.010156        0
     4   35.83131      0.225531    0.011714        0
     4   36.00066      0.223144    0.012379        0
     4   36.17002      0.229178    0.011556        0
     4   36.33937      0.243156    0.012199        0
     4   36.50873      0.219715    0.010837        0
     4   36.67808      0.211718    0.010393        0
     4   36.84743      0.209068    0.010867        0
     4   37.01679      0.219469    0.011833        0
     4   37.18614      0.232283    0.013364        0
     4   37.35549      0.217448    0.014044        0
     4   37.52485      0.215964    0.015886        0
     4   37.69420      0.282729    0.022338        0
     4   37.86356      0.215413    0.028019        0
