0.4377	0.1585		0.015		0.10	Grankin07
0.5488	0.3105		0.0257		0.10	Grankin07
0.6515	0.5234		0.048		0.10	Grankin07
1.235	0.7232		0.024		0.02	2MASS
1.662	0.8604		0.047		0.02	2MASS
2.159	1.0065		0.031		0.02	2MASS	
3.3526	1.4210		0.121		0.02	WISE
3.550   1.0694		0.0077		0.02	FEPS
4.493	0.9299		0.0113		0.02	FEPS
4.6028	1.4315		0.051		0.03	WISE
7.872	0.7921		0.00523		0.02	FEPS
11.561	0.7391		0.014		0.05	WISE
12.	0.8573		0.0		0.15	IRAS
18.	1.830		0.0276		0.15	AKARI
22.088	2.5466		0.024		0.06	WISE
23.68	3.258		0.029		0.05	FEPS
25.	3.157		0.0		0.15	IRAS
60.	6.566		0.0		0.25	IRAS
65.	4.208		0.404		0.25	AKARI
71.42	3.7951		0.0333		0.10	FEPS
90.	5.659		0.278		0.25	AKARI
100.	4.818		0.0		0.30	IRAS
140.	3.607		0.446		0.25	AKARI
155.9	3.2281		0.1007		0.20	FEPS
350.	1.400		0.039		0.25	Roccatagliata09
450.	1.140		0.080		0.25	Sylvester96
800.	0.233		0.025		0.20	Sylvester96
878.9	0.17492		0.00027		0.10	Barenfeld16
1100.	0.114		0.014		0.20	Sylvester96
1200.	0.043		0.003		0.15	Natta04
1300.	0.064		0.008		0.20	Sylvester96
3100.	0.0046		0.0007		0.15	Natta04
