     1    5.21725      0.866518    0.003839        0
     1    5.24749      0.859982    0.003762        0
     1    5.27773      0.875906    0.003804        0
     1    5.30797      0.876100    0.003651        0
     1    5.33821      0.870630    0.003612        0
     1    5.36846      0.864084    0.003522        0
     1    5.39870      0.858112    0.003580        0
     1    5.42894      0.864817    0.003429        0
     1    5.45918      0.860854    0.003375        0
     1    5.48942      0.851074    0.003286        0
     1    5.51967      0.842208    0.003197        0
     1    5.54991      0.831163    0.003153        0
     1    5.58015      0.822588    0.003320        0
     1    5.61039      0.827712    0.003225        0
     1    5.64063      0.835067    0.003282        0
     1    5.67088      0.825867    0.003210        0
     1    5.70112      0.808323    0.003109        0
     1    5.73136      0.800577    0.003131        0
     1    5.76160      0.793797    0.003095        0
     1    5.79184      0.785618    0.003132        0
     1    5.82209      0.783296    0.003084        0
     1    5.85233      0.784280    0.003071        0
     1    5.88257      0.784679    0.003036        0
     1    5.91281      0.784037    0.003033        0
     1    5.94305      0.783208    0.003059        0
     1    5.97330      0.786936    0.003098        0
     1    6.00354      0.794288    0.003145        0
     1    6.03378      0.791786    0.003077        0
     1    6.06402      0.784137    0.002995        0
     1    6.09426      0.783373    0.003120        0
     1    6.12451      0.782483    0.003052        0
     1    6.15475      0.795861    0.003014        0
     1    6.18499      0.815644    0.003048        0
     1    6.21523      0.837689    0.003219        0
     1    6.24547      0.855252    0.003369        0
     1    6.27572      0.865007    0.003304        0
     1    6.30596      0.849864    0.003510        0
     1    6.33620      0.818064    0.003526        0
     1    6.36644      0.794235    0.003641        0
     1    6.39668      0.781254    0.003448        0
     1    6.42693      0.763279    0.003413        0
     1    6.45717      0.746347    0.003402        0
     1    6.48741      0.733455    0.003486        0
     1    6.51765      0.725591    0.003385        0
     1    6.54789      0.722058    0.003878        0
     1    6.57814      0.724471    0.003846        0
     1    6.60838      0.729100    0.003677        0
     1    6.63862      0.722889    0.003574        0
     1    6.66886      0.721214    0.003564        0
     1    6.69910      0.711532    0.003496        0
     1    6.72935      0.700351    0.003361        0
     1    6.75959      0.697356    0.003513        0
     1    6.78983      0.695514    0.003604        0
     1    6.82007      0.701227    0.003715        0
     1    6.85031      0.700715    0.003882        0
     1    6.88056      0.695339    0.003843        0
     1    6.91080      0.691796    0.003868        0
     1    6.94104      0.681889    0.003997        0
     1    6.97128      0.677606    0.004288        0
     1    7.00152      0.671805    0.004288        0
     1    7.03177      0.671806    0.004105        0
     1    7.06201      0.675341    0.004074        0
     1    7.09225      0.676055    0.003892        0
     1    7.12249      0.667744    0.003746        0
     1    7.15273      0.660100    0.003621        0
     1    7.18298      0.656905    0.003587        0
     1    7.21322      0.660444    0.003701        0
     1    7.24346      0.657366    0.003872        0
     1    7.27370      0.656219    0.003903        0
     1    7.30394      0.646666    0.003977        0
     1    7.33419      0.640651    0.003927        0
     1    7.36443      0.645006    0.003977        0
     1    7.39467      0.642236    0.003946        0
     1    7.42491      0.640897    0.003957        0
     1    7.45515      0.649397    0.004115        0
     1    7.48540      0.647802    0.004259        0
     1    7.51564      0.646923    0.004504        0
     1    7.54588      0.648465    0.004686        0
     2    7.57612      0.675934    0.003020        0
     2    7.63660      0.673229    0.002905        0
     2    7.69709      0.673884    0.002738        0
     2    7.75757      0.681056    0.002639        0
     2    7.81805      0.687370    0.002567        0
     2    7.87854      0.701194    0.002539        0
     2    7.93902      0.719402    0.002560        0
     2    7.99951      0.742363    0.002488        0
     2    8.05999      0.763144    0.002435        0
     2    8.12047      0.781497    0.002500        0
     2    8.18096      0.799713    0.002518        0
     2    8.24144      0.810590    0.002593        0
     2    8.30192      0.813024    0.002602        0
     2    8.36241      0.810275    0.002454        0
     2    8.42289      0.806430    0.002413        0
     2    8.48337      0.810955    0.002446        0
     2    8.54386      0.822922    0.002548        0
     2    8.60434      0.844616    0.002602        0
     2    8.66483      0.869022    0.002677        0
     2    8.72531      0.885929    0.002609        0
     2    8.78579      0.897783    0.002670        0
     2    8.84628      0.913290    0.002673        0
     2    8.90676      0.931096    0.002662        0
     2    8.96724      0.968104    0.002722        0
     2    9.02773      1.015241    0.002839        0
     2    9.08821      1.059201    0.002809        0
     2    9.14869      1.099546    0.002924        0
     2    9.20918      1.135352    0.003030        0
     2    9.26966      1.174748    0.002923        0
     2    9.33015      1.203450    0.003018        0
     2    9.39063      1.240503    0.003072        0
     2    9.45111      1.271047    0.003109        0
     2    9.51160      1.301689    0.003213        0
     2    9.57208      1.326242    0.003276        0
     2    9.63256      1.344767    0.003000        0
     2    9.69305      1.363698    0.002918        0
     2    9.75353      1.373273    0.001775    12288
     2    9.81401      1.386471    0.001839    12288
     2    9.87450      1.389118    0.002858        0
     2    9.93498      1.387097    0.002709        0
     2    9.99547      1.379248    0.002680        0
     2   10.05595      1.373870    0.002670        0
     2   10.11643      1.358494    0.002539        0
     2   10.17692      1.341457    0.002549        0
     2   10.23740      1.327232    0.002518        0
     2   10.29788      1.312253    0.002534        0
     2   10.35837      1.303292    0.002587        0
     2   10.41885      1.291625    0.002568        0
     2   10.47933      1.279455    0.002572        0
     2   10.53982      1.268377    0.002556        0
     2   10.60030      1.256725    0.002592        0
     2   10.66079      1.246184    0.002575        0
     2   10.72127      1.233370    0.002651        0
     2   10.78175      1.226851    0.002707        0
     2   10.84224      1.216720    0.002813        0
     2   10.90272      1.205564    0.003072        0
     2   10.96320      1.194964    0.002877        0
     2   11.02369      1.187248    0.002920        0
     2   11.08417      1.184206    0.002959        0
     2   11.14465      1.186117    0.003001        0
     2   11.20514      1.204179    0.003052        0
     2   11.26562      1.199534    0.003131        0
     2   11.32611      1.161401    0.003015        0
     2   11.38659      1.107977    0.002931        0
     2   11.44707      1.052815    0.002933        0
     2   11.50756      1.006204    0.002911        0
     2   11.56804      0.967732    0.002804        0
     2   11.62852      0.934816    0.002785        0
     2   11.68901      0.905525    0.002856        0
     2   11.74949      0.878815    0.002808        0
     2   11.80997      0.855042    0.002735        0
     2   11.87046      0.835617    0.002702        0
     2   11.93094      0.821913    0.002763        0
     2   11.99143      0.799910    0.002614        0
     2   12.05191      0.781041    0.002593        0
     2   12.11239      0.757236    0.002521        0
     2   12.17288      0.741746    0.002519        0
     2   12.23336      0.731395    0.002512        0
     2   12.29384      0.724565    0.002474        0
     2   12.35433      0.718863    0.002410        0
     2   12.41481      0.713967    0.002365        0
     2   12.47529      0.708674    0.002339        0
     2   12.53578      0.709723    0.002368        0
     2   12.59626      0.710648    0.002324        0
     2   12.65675      0.711254    0.002323        0
     2   12.71723      0.705435    0.002301        0
     2   12.77771      0.707422    0.002356        0
     2   12.83820      0.704854    0.002379        0
     2   12.89868      0.698852    0.002436        0
     2   12.95916      0.696008    0.002430        0
     2   13.01965      0.697535    0.002557        0
     2   13.08013      0.701419    0.002605        0
     2   13.14061      0.706896    0.002687        0
     2   13.20110      0.713939    0.002730        0
     2   13.26158      0.716896    0.002873        0
     2   13.32206      0.724324    0.002931        0
     2   13.38255      0.732445    0.003023        0
     2   13.44303      0.742704    0.003126        0
     2   13.50352      0.754565    0.003114        0
     2   13.56400      0.760361    0.003120        0
     2   13.62448      0.772042    0.003195        0
     2   13.68497      0.783388    0.003197        0
     2   13.74545      0.792416    0.003225        0
     2   13.80593      0.804651    0.003305        0
     2   13.86642      0.812723    0.003412        0
     2   13.92690      0.819084    0.003429        0
     2   13.98738      0.834558    0.003575        0
     2   14.04787      0.842042    0.003568        0
     2   14.10835      0.853706    0.003688        0
     2   14.16884      0.866509    0.003752        0
     2   14.22932      0.866748    0.003787      128
     3   14.32338      0.918984    0.001686        0
     3   14.40806      0.945545    0.001660        0
     3   14.49274      0.966607    0.001651        0
     3   14.57741      0.982225    0.001689        0
     3   14.66209      1.004179    0.001825        0
     3   14.74677      1.023401    0.001944        0
     3   14.83145      1.044752    0.002081        0
     3   14.91612      1.057992    0.002098        0
     3   15.00080      1.083560    0.002037        0
     3   15.08548      1.118045    0.001977        0
     3   15.17015      1.152672    0.001963        0
     3   15.25483      1.187835    0.001878        0
     3   15.33951      1.214928    0.001757        0
     3   15.42418      1.247394    0.001640        0
     3   15.50886      1.283147    0.001580        0
     3   15.59354      1.323739    0.001592        0
     3   15.67821      1.363027    0.001652        0
     3   15.76289      1.412433    0.001770        0
     3   15.84757      1.475226    0.001963        0
     3   15.93224      1.535200    0.002294        0
     3   16.01692      1.600092    0.002558        0
     3   16.10160      1.653373    0.002624        0
     3   16.18628      1.711975    0.002707        0
     3   16.27095      1.758487    0.002794        0
     3   16.35563      1.787402    0.002685        0
     3   16.44031      1.835236    0.002482        0
     3   16.52498      1.869483    0.002293        0
     3   16.60966      1.905590    0.002204        0
     3   16.69434      1.936731    0.002235        0
     3   16.77901      1.970699    0.002346        0
     3   16.86369      2.010193    0.002495        0
     3   16.94837      2.030019    0.002605        0
     3   17.03304      2.069846    0.002700        0
     3   17.11772      2.122877    0.002822        0
     3   17.20240      2.156999    0.002879        0
     3   17.28707      2.204052    0.003001        0
     3   17.37175      2.250160    0.003039        0
     3   17.45643      2.287685    0.002859        0
     3   17.54111      2.326212    0.002694        0
     3   17.62578      2.365252    0.002567        0
     3   17.71046      2.423329    0.002588        0
     3   17.79514      2.441890    0.002675        0
     3   17.87981      2.455913    0.002798        0
     3   17.96449      2.572153    0.002998        0
     3   18.04917      2.586431    0.003213        0
     3   18.13384      2.624111    0.003457        0
     3   18.21852      2.676980    0.003679        0
     3   18.30320      2.706288    0.003777        0
     3   18.38787      2.772824    0.003887        0
     3   18.47255      2.803545    0.003836        0
     3   18.55723      2.827009    0.003717        0
     3   18.64190      2.843795    0.003561        0
     3   18.72658      2.867469    0.003441        0
     3   18.81126      2.915115    0.003365        0
     3   18.89594      2.949669    0.003377        0
     3   18.98061      2.956822    0.003435        0
     3   19.06529      2.965414    0.003705        0
     3   19.14997      2.990890    0.004115        0
     3   19.23464      3.020257    0.004757        0
     3   19.31932      3.056065    0.005047        0
     3   19.40400      3.073829    0.004983        0
     3   19.48867      3.048668    0.004961        0
     3   19.57335      3.106939    0.005007        0
     3   19.65803      3.132872    0.004852        0
     3   19.74270      3.104856    0.004570        0
     3   19.82738      3.089786    0.004316        0
     3   19.91206      3.097346    0.004174        0
     3   19.99673      3.099680    0.004125        0
     3   20.08141      3.092995    0.004178        0
     3   20.16609      3.097157    0.004402        0
     3   20.25077      3.116314    0.004825        0
     3   20.33544      3.111477    0.005174        0
     3   20.42012      3.129211    0.005587        0
     3   20.50480      3.127401    0.005660        0
     3   20.58947      3.164025    0.006041        0
     4   20.75883      3.224809    0.004439        0
     4   20.92818      3.333169    0.003896        0
     4   21.09753      3.263699    0.003549        0
     4   21.26689      3.289292    0.003925        0
     4   21.43624      3.439853    0.003782        0
     4   21.60560      3.417567    0.003329        0
     4   21.77495      3.376006    0.003570        0
     4   21.94430      3.454633    0.003885        0
     4   22.11366      3.534619    0.003475        0
     4   22.28301      3.564936    0.003298        0
     4   22.45236      3.531599    0.003492        0
     4   22.62172      3.610832    0.003710        0
     4   22.79107      3.683023    0.003372        0
     4   22.96043      3.682347    0.002947        0
     4   23.12978      3.678374    0.003023        0
     4   23.29913      3.711633    0.003231        0
     4   23.46849      3.789961    0.003272        0
     4   23.63784      3.810155    0.003006        0
     4   23.80719      3.752262    0.002723        0
     4   23.97655      3.697591    0.002770        0
     4   24.14590      3.693028    0.002981        0
     4   24.31526      3.730262    0.003076        0
     4   24.48461      3.720773    0.003027        0
     4   24.65396      3.709011    0.002948        0
     4   24.82332      3.699836    0.003139        0
     4   24.99267      3.703794    0.003329        0
     4   25.16202      3.722252    0.003267        0
     4   25.33138      3.711800    0.003051        0
     4   25.50073      3.691855    0.003119        0
     4   25.67009      3.713338    0.003216        0
     4   25.83944      3.703918    0.003494        0
     4   26.00879      3.739463    0.003547        0
     4   26.17815      3.739978    0.003312        0
     4   26.34750      3.757879    0.003043        0
     4   26.51685      3.762284    0.002893        0
     4   26.68621      3.783413    0.002953        0
     4   26.85556      3.822153    0.003078        0
     4   27.02492      3.869471    0.003137        0
     4   27.19427      3.931116    0.003147        0
     4   27.36362      3.967849    0.003017        0
     4   27.53298      3.966390    0.002981        0
     4   27.70233      3.933237    0.003101        0
     4   27.87168      3.931727    0.003426        0
     4   28.04104      3.944808    0.003845        0
     4   28.21039      3.994178    0.004211        0
     4   28.37975      3.972910    0.003976        0
     4   28.54910      3.960105    0.003777        0
     4   28.71845      3.945978    0.003622        0
     4   28.88781      3.931938    0.003782        0
     4   29.05716      3.924691    0.003962        0
     4   29.22651      3.942847    0.004065        0
     4   29.39587      3.991088    0.003973        0
     4   29.56522      3.990698    0.003712        0
     4   29.73458      3.995027    0.003517        0
     4   29.90393      4.022940    0.003362        0
     4   30.07328      4.007953    0.003269        0
     4   30.24264      4.009168    0.003410        0
     4   30.41199      4.035650    0.003765        0
     4   30.58134      3.988444    0.004117        0
     4   30.75070      4.071387    0.004588        0
     4   30.92005      4.100563    0.005010        0
     4   31.08941      4.096428    0.005338        0
     4   31.25876      4.111591    0.005525        0
     4   31.42811      4.105385    0.005346        0
     4   31.59747      4.186524    0.005417        0
     4   31.76682      4.198431    0.005341        0
     4   31.93617      4.195833    0.005174        0
     4   32.10553      4.268915    0.005263        0
     4   32.27488      4.367415    0.005423        0
     4   32.44424      4.469900    0.005467        0
     4   32.61359      4.511411    0.005469        0
     4   32.78294      4.433216    0.005451        0
     4   32.95230      4.432118    0.005642        0
     4   33.12165      4.602448    0.006210        0
     4   33.29100      4.789791    0.007318        0
     4   33.46036      4.763704    0.008297        0
     4   33.62971      4.646009    0.009551        0
     4   33.79907      4.790430    0.010026        0
     4   33.96842      4.891226    0.010119        0
     4   34.13777      4.649756    0.009008        0
     4   34.30713      4.587829    0.008516        0
     4   34.47648      4.591019    0.007925        0
     4   34.64583      4.701603    0.007850        0
     4   34.81519      4.808431    0.008075        0
     4   34.98454      4.806007    0.008459        0
     4   35.15390      4.707746    0.009154        0
     4   35.32325      4.615894    0.010125        0
     4   35.49260      4.913690    0.012466        0
     4   35.66196      4.849699    0.014491        0
     4   35.83131      4.647702    0.016796        0
     4   36.00066      4.886516    0.016872        0
     4   36.17002      4.889816    0.016328        0
     4   36.33937      4.861764    0.016470        0
     4   36.50873      4.827336    0.015067        0
     4   36.67808      4.922244    0.014719        0
     4   36.84743      4.970330    0.014525        0
     4   37.01679      5.104790    0.015697        0
     4   37.18614      5.316774    0.018672        0
     4   37.35549      4.784644    0.018950        0
     4   37.52485      4.531197    0.020998        0
     4   37.69420      5.598823    0.030529        0
     4   37.86356      5.063941    0.036424        0
