     1    5.21725      1.419023    0.007149        0
     1    5.24749      1.453107    0.007138        0
     1    5.27773      1.470992    0.007185        0
     1    5.30797      1.477135    0.006905        0
     1    5.33821      1.490045    0.006727        0
     1    5.36846      1.499572    0.006706        0
     1    5.39870      1.503188    0.006790        0
     1    5.42894      1.510873    0.006638        0
     1    5.45918      1.502449    0.006358        0
     1    5.48942      1.492354    0.006152        0
     1    5.51967      1.491742    0.006140        0
     1    5.54991      1.494030    0.006208        0
     1    5.58015      1.484519    0.006298        0
     1    5.61039      1.474535    0.006335        0
     1    5.64063      1.472999    0.006293        0
     1    5.67088      1.464857    0.006236        0
     1    5.70112      1.462752    0.006201        0
     1    5.73136      1.462041    0.006156        0
     1    5.76160      1.446495    0.006131        0
     1    5.79184      1.442061    0.006263        0
     1    5.82209      1.443821    0.006089        0
     1    5.85233      1.456109    0.006092        0
     1    5.88257      1.459668    0.006077        0
     1    5.91281      1.462328    0.006013        0
     1    5.94305      1.458572    0.006006        0
     1    5.97330      1.466345    0.006035        0
     1    6.00354      1.471251    0.006027        0
     1    6.03378      1.480667    0.005978        0
     1    6.06402      1.482418    0.005933        0
     1    6.09426      1.470686    0.005939        0
     1    6.12451      1.471300    0.005908        0
     1    6.15475      1.488754    0.005964        0
     1    6.18499      1.498533    0.005980        0
     1    6.21523      1.503283    0.006094        0
     1    6.24547      1.517348    0.006152        0
     1    6.27572      1.514336    0.006259        0
     1    6.30596      1.499521    0.006438        0
     1    6.33620      1.489877    0.006659        0
     1    6.36644      1.487065    0.006820        0
     1    6.39668      1.486117    0.006843        0
     1    6.42693      1.489946    0.006970        0
     1    6.45717      1.482792    0.006725        0
     1    6.48741      1.496262    0.006815        0
     1    6.51765      1.491192    0.006971        0
     1    6.54789      1.498538    0.007146        0
     1    6.57814      1.520710    0.007344        0
     1    6.60838      1.546807    0.007411        0
     1    6.63862      1.536232    0.007348        0
     1    6.66886      1.523650    0.007041        0
     1    6.69910      1.514377    0.006963        0
     1    6.72935      1.513131    0.007229        0
     1    6.75959      1.518943    0.007153        0
     1    6.78983      1.533228    0.007420        0
     1    6.82007      1.560109    0.007650        0
     1    6.85031      1.550176    0.007756        0
     1    6.88056      1.537211    0.007817        0
     1    6.91080      1.524582    0.007893        0
     1    6.94104      1.520054    0.008089        0
     1    6.97128      1.518317    0.008248        0
     1    7.00152      1.516106    0.008503        0
     1    7.03177      1.527324    0.008439        0
     1    7.06201      1.528653    0.008527        0
     1    7.09225      1.529609    0.007991        0
     1    7.12249      1.539068    0.007744        0
     1    7.15273      1.539134    0.007483        0
     1    7.18298      1.548550    0.007510        0
     1    7.21322      1.551166    0.007638        0
     1    7.24346      1.560735    0.007829        0
     1    7.27370      1.562106    0.007992        0
     1    7.30394      1.565661    0.008149        0
     1    7.33419      1.568782    0.008426        0
     1    7.36443      1.573898    0.008082        0
     1    7.39467      1.569230    0.008224        0
     1    7.42491      1.567867    0.008324        0
     1    7.45515      1.592723    0.008957        0
     1    7.48540      1.601824    0.008795        0
     1    7.51564      1.593122    0.008932        0
     1    7.54588      1.602048    0.009301        0
     2    7.57612      1.644868    0.006885        0
     2    7.63660      1.636552    0.006756        0
     2    7.69709      1.641590    0.006197        0
     2    7.75757      1.666955    0.005840        0
     2    7.81805      1.703874    0.006093        0
     2    7.87854      1.739768    0.005957        0
     2    7.93902      1.772280    0.005813        0
     2    7.99951      1.803023    0.005944        0
     2    8.05999      1.845965    0.005761        0
     2    8.12047      1.875523    0.005536        0
     2    8.18096      1.907269    0.005598        0
     2    8.24144      1.930907    0.005619        0
     2    8.30192      1.955481    0.005677        0
     2    8.36241      1.979043    0.005610        0
     2    8.42289      2.005269    0.005606        0
     2    8.48337      2.033244    0.005717        0
     2    8.54386      2.062617    0.005901        0
     2    8.60434      2.079963    0.005930        0
     2    8.66483      2.097856    0.006220        0
     2    8.72531      2.123816    0.005997        0
     2    8.78579      2.150940    0.005993        0
     2    8.84628      2.173027    0.006057        0
     2    8.90676      2.206486    0.006092        0
     2    8.96724      2.237712    0.006258        0
     2    9.02773      2.284622    0.006360        0
     2    9.08821      2.323069    0.006247        0
     2    9.14869      2.356821    0.006230        0
     2    9.20918      2.382429    0.006496        0
     2    9.26966      2.410179    0.006312        0
     2    9.33015      2.428905    0.006411        0
     2    9.39063      2.453787    0.006562        0
     2    9.45111      2.471070    0.006613        0
     2    9.51160      2.463596    0.006470        0
     2    9.57208      2.474537    0.006372        0
     2    9.63256      2.477934    0.006128        0
     2    9.69305      2.486874    0.005972        0
     2    9.75353      2.479241    0.003606    12288
     2    9.81401      2.490227    0.003561    12288
     2    9.87450      2.499941    0.005594        0
     2    9.93498      2.508244    0.005600        0
     2    9.99547      2.503082    0.005467        0
     2   10.05595      2.506336    0.005307        0
     2   10.11643      2.509213    0.005206        0
     2   10.17692      2.509108    0.005192        0
     2   10.23740      2.505332    0.005188        0
     2   10.29788      2.503468    0.005258        0
     2   10.35837      2.509888    0.005235        0
     2   10.41885      2.514516    0.005314        0
     2   10.47933      2.508725    0.005320        0
     2   10.53982      2.514482    0.005369        0
     2   10.60030      2.520251    0.005432        0
     2   10.66079      2.522955    0.005481        0
     2   10.72127      2.526567    0.005629        0
     2   10.78175      2.534836    0.005703        0
     2   10.84224      2.539414    0.005930        0
     2   10.90272      2.537542    0.006079        0
     2   10.96320      2.533379    0.006164        0
     2   11.02369      2.536505    0.006315        0
     2   11.08417      2.545292    0.006492        0
     2   11.14465      2.542126    0.006524        0
     2   11.20514      2.561766    0.006571        0
     2   11.26562      2.562816    0.006553        0
     2   11.32611      2.543338    0.006502        0
     2   11.38659      2.497583    0.006386        0
     2   11.44707      2.456213    0.006383        0
     2   11.50756      2.412852    0.006393        0
     2   11.56804      2.380974    0.006392        0
     2   11.62852      2.345251    0.006460        0
     2   11.68901      2.312295    0.006479        0
     2   11.74949      2.289100    0.006616        0
     2   11.80997      2.255964    0.006384        0
     2   11.87046      2.217930    0.006270        0
     2   11.93094      2.212306    0.006254        0
     2   11.99143      2.189710    0.006280        0
     2   12.05191      2.164141    0.006239        0
     2   12.11239      2.144748    0.006036        0
     2   12.17288      2.130921    0.005911        0
     2   12.23336      2.125353    0.005917        0
     2   12.29384      2.129321    0.005860        0
     2   12.35433      2.130909    0.005784        0
     2   12.41481      2.146065    0.005705        0
     2   12.47529      2.158943    0.005656        0
     2   12.53578      2.155139    0.005609        0
     2   12.59626      2.155520    0.005587        0
     2   12.65675      2.152397    0.005536        0
     2   12.71723      2.141528    0.005529        0
     2   12.77771      2.143271    0.005585        0
     2   12.83820      2.135911    0.005640        0
     2   12.89868      2.123047    0.005743        0
     2   12.95916      2.114383    0.005841        0
     2   13.01965      2.112133    0.005953        0
     2   13.08013      2.107025    0.006088        0
     2   13.14061      2.102584    0.006228        0
     2   13.20110      2.109138    0.006531        0
     2   13.26158      2.113394    0.006598        0
     2   13.32206      2.109989    0.006747        0
     2   13.38255      2.109163    0.006939        0
     2   13.44303      2.125121    0.007106        0
     2   13.50352      2.146447    0.007185        0
     2   13.56400      2.155310    0.007211        0
     2   13.62448      2.168674    0.007249        0
     2   13.68497      2.184055    0.007302        0
     2   13.74545      2.210595    0.007326        0
     2   13.80593      2.245210    0.007730        0
     2   13.86642      2.262636    0.007547        0
     2   13.92690      2.272051    0.007670        0
     2   13.98738      2.281556    0.007875        0
     2   14.04787      2.294962    0.007957        0
     2   14.10835      2.291431    0.008147        0
     2   14.16884      2.285471    0.008257        0
     2   14.22932      2.248398    0.008749      128
