0.3597	0.0185		0		0.10	Gras-Velazquez05
0.4377	0.0955		0		0.10	Gras-Velazquez05
0.5488	0.2780		0		0.10	Gras-Velazquez05
0.6515	0.4686		0		0.10	Gras-Velazquez05
0.7981	0.7558		0		0.10	Gras-Velazquez05
1.235	1.4904		0.021		0.02	2MASS
1.662	1.8361		0.029		0.02	2MASS
2.159	1.7061		0.020		0.02	2MASS	
3.3526	1.5128		0.120		0.02	WISE
3.550   1.580 		0.132 		0.02	C2D
4.493	1.420 		0.101 		0.02	C2D
4.6028	1.6047		0.075		0.03	WISE
5.731 	1.690		0.0979		0.02	C2D
7.872	2.170 		0.130  		0.02	C2D
9.	2.008		0.0142		0.15	AKARI
11.561	2.1994		0.011		0.05	WISE
12.	2.594		0.0		0.15	IRAS
18.	2.967		0.0267		0.15	AKARI
22.088	3.8016		0.015		0.06	WISE
25.	3.987		0.0		0.15	IRAS
70.	3.8313		0.1676		0.25	Herschel
71.42	4.900		0.459		0.10	C2D
100.	3.9073		0.1958		0.20	Herschel
892.8	0.15037		0.00046		0.10	Ansdell16
1400.	0.077		0.004		0.15	Lommen08
3300.	0.0120		0.0011		0.20	Lommen08
