     1    5.21725      0.255173    0.003450        0
     1    5.24749      0.279015    0.003483        0
     1    5.27773      0.267324    0.003520        0
     1    5.30797      0.264105    0.003274        0
     1    5.33821      0.267456    0.003099        0
     1    5.36846      0.269981    0.003090        0
     1    5.39870      0.266295    0.003090        0
     1    5.42894      0.265550    0.003259        0
     1    5.45918      0.262079    0.002862        0
     1    5.48942      0.257908    0.002751        0
     1    5.51967      0.257823    0.002804        0
     1    5.54991      0.258109    0.002923        0
     1    5.58015      0.258069    0.002857        0
     1    5.61039      0.258594    0.002862        0
     1    5.64063      0.255540    0.002826        0
     1    5.67088      0.256611    0.002774        0
     1    5.70112      0.257302    0.002761        0
     1    5.73136      0.262717    0.002799        0
     1    5.76160      0.266725    0.002862        0
     1    5.79184      0.266311    0.002889        0
     1    5.82209      0.266103    0.002864        0
     1    5.85233      0.262984    0.002910        0
     1    5.88257      0.267905    0.002836        0
     1    5.91281      0.269232    0.002791        0
     1    5.94305      0.265639    0.002861        0
     1    5.97330      0.263680    0.002941        0
     1    6.00354      0.266265    0.002803        0
     1    6.03378      0.266211    0.002799        0
     1    6.06402      0.262715    0.002760        0
     1    6.09426      0.265607    0.002863        0
     1    6.12451      0.262061    0.002720        0
     1    6.15475      0.263046    0.002738        0
     1    6.18499      0.262296    0.002773        0
     1    6.21523      0.264176    0.002787        0
     1    6.24547      0.263096    0.002940        0
     1    6.27572      0.266773    0.002983        0
     1    6.30596      0.266293    0.003161        0
     1    6.33620      0.267699    0.003343        0
     1    6.36644      0.261155    0.003145        0
     1    6.39668      0.262413    0.003361        0
     1    6.42693      0.263402    0.003115        0
     1    6.45717      0.260016    0.003104        0
     1    6.48741      0.262174    0.003164        0
     1    6.51765      0.264087    0.003321        0
     1    6.54789      0.266319    0.003420        0
     1    6.57814      0.261819    0.003402        0
     1    6.60838      0.261850    0.003535        0
     1    6.63862      0.264918    0.003482        0
     1    6.66886      0.265875    0.003470        0
     1    6.69910      0.265898    0.003224        0
     1    6.72935      0.263922    0.003513        0
     1    6.75959      0.268548    0.003697        0
     1    6.78983      0.269767    0.003500        0
     1    6.82007      0.268415    0.003561        0
     1    6.85031      0.270604    0.003703        0
     1    6.88056      0.269364    0.003669        0
     1    6.91080      0.267087    0.003721        0
     1    6.94104      0.264638    0.003889        0
     1    6.97128      0.269382    0.004037        0
     1    7.00152      0.269975    0.004102        0
     1    7.03177      0.266462    0.004080        0
     1    7.06201      0.262123    0.003991        0
     1    7.09225      0.264228    0.003862        0
     1    7.12249      0.267215    0.003736        0
     1    7.15273      0.267929    0.003630        0
     1    7.18298      0.271867    0.003674        0
     1    7.21322      0.273183    0.003796        0
     1    7.24346      0.278183    0.003909        0
     1    7.27370      0.279322    0.004032        0
     1    7.30394      0.278944    0.004079        0
     1    7.33419      0.277533    0.004150        0
     1    7.36443      0.279627    0.004113        0
     1    7.39467      0.282805    0.004145        0
     1    7.42491      0.282344    0.004208        0
     1    7.45515      0.280311    0.004151        0
     1    7.48540      0.278574    0.004426        0
     1    7.51564      0.277442    0.004570        0
     1    7.54588      0.276752    0.004652        0
     2    7.57612      0.274922    0.002978        0
     2    7.63660      0.270954    0.002843        0
     2    7.69709      0.267331    0.002669        0
     2    7.75757      0.275837    0.002546        0
     2    7.81805      0.282979    0.002515        0
     2    7.87854      0.283330    0.002532        0
     2    7.93902      0.286247    0.002525        0
     2    7.99951      0.291060    0.002489        0
     2    8.05999      0.297118    0.002425        0
     2    8.12047      0.309957    0.002431        0
     2    8.18096      0.321618    0.002519        0
     2    8.24144      0.332346    0.002501        0
     2    8.30192      0.339118    0.002488        0
     2    8.36241      0.346010    0.002481        0
     2    8.42289      0.353315    0.002475        0
     2    8.48337      0.366063    0.002520        0
     2    8.54386      0.371299    0.002594        0
     2    8.60434      0.380857    0.002659        0
     2    8.66483      0.393228    0.002920        0
     2    8.72531      0.398846    0.002736        0
     2    8.78579      0.410563    0.002912        0
     2    8.84628      0.425268    0.002937        0
     2    8.90676      0.439885    0.003007        0
     2    8.96724      0.453158    0.003082        0
     2    9.02773      0.468521    0.003155        0
     2    9.08821      0.484075    0.002980        0
     2    9.14869      0.497267    0.002992        0
     2    9.20918      0.509169    0.003012        0
     2    9.26966      0.522209    0.003206        0
     2    9.33015      0.529038    0.003108        0
     2    9.39063      0.533445    0.003202        0
     2    9.45111      0.535647    0.003159        0
     2    9.51160      0.533036    0.003149        0
     2    9.57208      0.535787    0.003153        0
     2    9.63256      0.536533    0.002989        0
     2    9.69305      0.543223    0.002958        0
     2    9.75353      0.547089    0.001770    12288
     2    9.81401      0.552300    0.001755    12288
     2    9.87450      0.557134    0.002802        0
     2    9.93498      0.559924    0.002805        0
     2    9.99547      0.558136    0.002686        0
     2   10.05595      0.558599    0.002629        0
     2   10.11643      0.558127    0.002575        0
     2   10.17692      0.562528    0.002562        0
     2   10.23740      0.564588    0.002563        0
     2   10.29788      0.566458    0.002681        0
     2   10.35837      0.566518    0.002677        0
     2   10.41885      0.565727    0.002633        0
     2   10.47933      0.564049    0.002742        0
     2   10.53982      0.567535    0.002712        0
     2   10.60030      0.567101    0.002721        0
     2   10.66079      0.569456    0.002731        0
     2   10.72127      0.569118    0.002766        0
     2   10.78175      0.565769    0.002829        0
     2   10.84224      0.563487    0.002892        0
     2   10.90272      0.561912    0.002977        0
     2   10.96320      0.559913    0.003084        0
     2   11.02369      0.559405    0.003313        0
     2   11.08417      0.559840    0.003306        0
     2   11.14465      0.554746    0.003224        0
     2   11.20514      0.554447    0.003281        0
     2   11.26562      0.549128    0.003345        0
     2   11.32611      0.543735    0.003202        0
     2   11.38659      0.538787    0.003193        0
     2   11.44707      0.538150    0.003261        0
     2   11.50756      0.530571    0.003237        0
     2   11.56804      0.523332    0.003235        0
     2   11.62852      0.512698    0.003370        0
     2   11.68901      0.503865    0.003236        0
     2   11.74949      0.494441    0.003245        0
     2   11.80997      0.487882    0.003221        0
     2   11.87046      0.474463    0.003193        0
     2   11.93094      0.472704    0.003178        0
     2   11.99143      0.463212    0.003149        0
     2   12.05191      0.457765    0.003084        0
     2   12.11239      0.452502    0.003025        0
     2   12.17288      0.441902    0.003004        0
     2   12.23336      0.444966    0.003016        0
     2   12.29384      0.439335    0.003022        0
     2   12.35433      0.435951    0.003053        0
     2   12.41481      0.441039    0.002954        0
     2   12.47529      0.441234    0.002866        0
     2   12.53578      0.446755    0.002850        0
     2   12.59626      0.447586    0.002835        0
     2   12.65675      0.447861    0.002825        0
     2   12.71723      0.445367    0.002927        0
     2   12.77771      0.447835    0.002880        0
     2   12.83820      0.444569    0.002903        0
     2   12.89868      0.442502    0.002917        0
     2   12.95916      0.438289    0.003035        0
     2   13.01965      0.437295    0.003090        0
     2   13.08013      0.437646    0.003167        0
     2   13.14061      0.436177    0.003296        0
     2   13.20110      0.439713    0.003327        0
     2   13.26158      0.437175    0.003647        0
     2   13.32206      0.440491    0.003484        0
     2   13.38255      0.443945    0.003547        0
     2   13.44303      0.448883    0.003647        0
     2   13.50352      0.454863    0.003740        0
     2   13.56400      0.460751    0.003813        0
     2   13.62448      0.462768    0.003812        0
     2   13.68497      0.469817    0.003806        0
     2   13.74545      0.473751    0.003843        0
     2   13.80593      0.474679    0.003920        0
     2   13.86642      0.477066    0.003983        0
     2   13.92690      0.476386    0.004063        0
     2   13.98738      0.482766    0.004079        0
     2   14.04787      0.483705    0.004231        0
     2   14.10835      0.484401    0.004280        0
     2   14.16884      0.488580    0.004392        0
     2   14.22932      0.484074    0.004463      128
     4   20.75883      0.808048    0.007350        0
     4   20.92818      0.847402    0.006515        0
     4   21.09753      0.797635    0.005866        0
     4   21.26689      0.790604    0.006502        0
     4   21.43624      0.838063    0.006289        0
     4   21.60560      0.816945    0.005432        0
     4   21.77495      0.786054    0.006008        0
     4   21.94430      0.804876    0.006551        0
     4   22.11366      0.828499    0.005889        0
     4   22.28301      0.808480    0.005401        0
     4   22.45236      0.786577    0.005708        0
     4   22.62172      0.813114    0.006023        0
     4   22.79107      0.833649    0.005411        0
     4   22.96043      0.826326    0.004718        0
     4   23.12978      0.801662    0.004760        0
     4   23.29913      0.812198    0.005212        0
     4   23.46849      0.846442    0.005305        0
     4   23.63784      0.853879    0.004778        0
     4   23.80719      0.829700    0.004300        0
     4   23.97655      0.814277    0.004383        0
     4   24.14590      0.816718    0.004862        0
     4   24.31526      0.829887    0.004898        0
     4   24.48461      0.828072    0.004773        0
     4   24.65396      0.814525    0.004630        0
     4   24.82332      0.806269    0.004995        0
     4   24.99267      0.813963    0.005322        0
     4   25.16202      0.829882    0.005247        0
     4   25.33138      0.823404    0.004886        0
     4   25.50073      0.807756    0.004759        0
     4   25.67009      0.803159    0.005203        0
     4   25.83944      0.801095    0.005580        0
     4   26.00879      0.805988    0.005747        0
     4   26.17815      0.811003    0.005372        0
     4   26.34750      0.814137    0.004943        0
     4   26.51685      0.803432    0.004632        0
     4   26.68621      0.810628    0.004749        0
     4   26.85556      0.814367    0.004965        0
     4   27.02492      0.824432    0.005058        0
     4   27.19427      0.838235    0.005033        0
     4   27.36362      0.846384    0.004853        0
     4   27.53298      0.830302    0.004707        0
     4   27.70233      0.823711    0.004956        0
     4   27.87168      0.815562    0.005465        0
     4   28.04104      0.822377    0.006325        0
     4   28.21039      0.837972    0.006765        0
     4   28.37975      0.840606    0.006378        0
     4   28.54910      0.830593    0.006020        0
     4   28.71845      0.826708    0.005793        0
     4   28.88781      0.822183    0.005963        0
     4   29.05716      0.813134    0.006241        0
     4   29.22651      0.824394    0.006523        0
     4   29.39587      0.838837    0.006327        0
     4   29.56522      0.839138    0.006005        0
     4   29.73458      0.830928    0.005659        0
     4   29.90393      0.830710    0.005331        0
     4   30.07328      0.828653    0.005200        0
     4   30.24264      0.835893    0.005443        0
     4   30.41199      0.834523    0.006135        0
     4   30.58134      0.814742    0.006623        0
     4   30.75070      0.831205    0.007469        0
     4   30.92005      0.838700    0.007867        0
     4   31.08941      0.830359    0.008555        0
     4   31.25876      0.830330    0.009024        0
     4   31.42811      0.840815    0.008654        0
     4   31.59747      0.843808    0.008604        0
     4   31.76682      0.840720    0.008650        0
     4   31.93617      0.837801    0.008322        0
     4   32.10553      0.840685    0.008252        0
     4   32.27488      0.859112    0.008432        0
     4   32.44424      0.884244    0.008493        0
     4   32.61359      0.892269    0.008610        0
     4   32.78294      0.875177    0.008838        0
     4   32.95230      0.865986    0.008933        0
     4   33.12165      0.899205    0.009525        0
     4   33.29100      0.961423    0.011437        0
     4   33.46036      0.939400    0.013040        0
     4   33.62971      0.904953    0.014655        0
     4   33.79907      0.931844    0.015426        0
     4   33.96842      0.967171    0.015986        0
     4   34.13777      0.911058    0.013991        0
     4   34.30713      0.911565    0.013324        0
     4   34.47648      0.897886    0.012443        0
     4   34.64583      0.905408    0.012457        0
     4   34.81519      0.936899    0.012847        0
     4   34.98454      0.933242    0.013261        0
     4   35.15390      0.904168    0.014210        0
     4   35.32325      0.908144    0.016171        0
     4   35.49260      0.954838    0.018913        0
     4   35.66196      0.942542    0.022504        0
     4   35.83131      0.900200    0.025926        0
     4   36.00066      0.927121    0.026109        0
     4   36.17002      0.926769    0.025357        0
     4   36.33937      0.866633    0.026464        0
     4   36.50873      0.904657    0.023392        0
     4   36.67808      0.942369    0.022866        0
     4   36.84743      0.954860    0.022644        0
     4   37.01679      0.967217    0.024413        0
     4   37.18614      1.002544    0.030237        0
     4   37.35549      0.898289    0.032122        0
     4   37.52485      0.865528    0.034063        0
     4   37.69420      1.066946    0.048221        0
     4   37.86356      0.922577    0.059277        0
