0.5488	0.0673		0		0.20	Padgett06
0.6515	0.1233		0		0.20	Padgett06
0.7981	0.2220		0		0.20	Padgett06
1.235	0.4890		0.021		0.02	2MASS
1.662	0.5953		0.040		0.02	2MASS
2.159	0.5351		0.023		0.02	2MASS	
3.3526	0.5042		0.05		0.02	WISE
3.550   0.324 		0.0184 		0.02	C2D
4.493	0.220 		0.0178		0.02	C2D
4.6028	0.4256		0.024		0.03	WISE
5.731 	0.313		0.0156		0.02	C2D
7.872	0.370 		0.0223 		0.02	C2D
9.	0.5107		0.0082		0.15	AKARI
11.561	0.5099		0.015		0.05	WISE
18.	0.6328		0.0132		0.15	AKARI
22.088	0.7440		0.022		0.06	WISE
23.68   0.7650		0.0708		0.05	C2D
61.1	1.42		0.22		0.0	Pinte08
71.44	1.581		0.127		0.0	Pinte08
74.8	1.48		0.37		0.0	Pinte08
90.	1.7070		0.190		0.25	AKARI
875.	0.5778		0.007		0.10	Andrews18
1123.	0.331		0.003		0.10	Oberg11
1150.	0.286		0.003		0.10	Cleeves17
1150.	0.308		0.001		0.10	Cleeves17
1150.	0.307		0.001		0.10	Cleeves17
1162.	0.276		0.002		0.10	Huang17
1300.	0.200		0.030		0.10	Cleeves16
1375.	0.199		0.002		0.10	Oberg11
1400.	0.214		0.0043		0.15	Lommen08
3300.	0.0131		0.0013		0.20	Lommen08
