     1    5.21725      0.130041    0.003352        0
     1    5.24749      0.134124    0.003339        0
     1    5.27773      0.132417    0.003358        0
     1    5.30797      0.132369    0.003156        0
     1    5.33821      0.134463    0.003046        0
     1    5.36846      0.138566    0.003047        0
     1    5.39870      0.133130    0.003021        0
     1    5.42894      0.130018    0.002950        0
     1    5.45918      0.130612    0.002796        0
     1    5.48942      0.138746    0.002728        0
     1    5.51967      0.133243    0.002677        0
     1    5.54991      0.131148    0.002688        0
     1    5.58015      0.134944    0.002774        0
     1    5.61039      0.130131    0.002793        0
     1    5.64063      0.133622    0.002811        0
     1    5.67088      0.130450    0.002717        0
     1    5.70112      0.128841    0.002665        0
     1    5.73136      0.132611    0.002718        0
     1    5.76160      0.131150    0.002765        0
     1    5.79184      0.127577    0.002774        0
     1    5.82209      0.131966    0.002790        0
     1    5.85233      0.131245    0.002773        0
     1    5.88257      0.136714    0.002798        0
     1    5.91281      0.139696    0.002811        0
     1    5.94305      0.135574    0.002824        0
     1    5.97330      0.136229    0.002830        0
     1    6.00354      0.139048    0.002846        0
     1    6.03378      0.139855    0.002815        0
     1    6.06402      0.139439    0.002783        0
     1    6.09426      0.138076    0.002787        0
     1    6.12451      0.135783    0.002774        0
     1    6.15475      0.140398    0.002805        0
     1    6.18499      0.140261    0.002815        0
     1    6.21523      0.139575    0.002845        0
     1    6.24547      0.142950    0.002855        0
     1    6.27572      0.142220    0.002956        0
     1    6.30596      0.141669    0.003073        0
     1    6.33620      0.140769    0.003210        0
     1    6.36644      0.144838    0.003317        0
     1    6.39668      0.145360    0.003310        0
     1    6.42693      0.143349    0.003269        0
     1    6.45717      0.140383    0.003227        0
     1    6.48741      0.137954    0.003287        0
     1    6.51765      0.144317    0.003401        0
     1    6.54789      0.142194    0.003542        0
     1    6.57814      0.146717    0.003715        0
     1    6.60838      0.146087    0.003697        0
     1    6.63862      0.143475    0.003603        0
     1    6.66886      0.145784    0.003496        0
     1    6.69910      0.144666    0.003463        0
     1    6.72935      0.148060    0.003473        0
     1    6.75959      0.148164    0.003631        0
     1    6.78983      0.154081    0.003830        0
     1    6.82007      0.144846    0.003958        0
     1    6.85031      0.150504    0.004057        0
     1    6.88056      0.150940    0.004099        0
     1    6.91080      0.148342    0.004177        0
     1    6.94104      0.152637    0.004312        0
     1    6.97128      0.150504    0.004476        0
     1    7.00152      0.157519    0.004636        0
     1    7.03177      0.158500    0.004664        0
     1    7.06201      0.155602    0.004584        0
     1    7.09225      0.154964    0.004467        0
     1    7.12249      0.150944    0.004275        0
     1    7.15273      0.154035    0.004145        0
     1    7.18298      0.158780    0.004156        0
     1    7.21322      0.153404    0.004315        0
     1    7.24346      0.156421    0.004471        0
     1    7.27370      0.161177    0.004707        0
     1    7.30394      0.159186    0.004723        0
     1    7.33419      0.162081    0.004777        0
     1    7.36443      0.164809    0.004795        0
     1    7.39467      0.163911    0.004769        0
     1    7.42491      0.158041    0.004845        0
     1    7.45515      0.166959    0.005000        0
     1    7.48540      0.164178    0.005172        0
     1    7.51564      0.162600    0.005445        0
     1    7.54588      0.171407    0.005680        0
     2    7.57612      0.164792    0.003262        0
     2    7.63660      0.168736    0.003151        0
     2    7.69709      0.165174    0.002884        0
     2    7.75757      0.171588    0.002725        0
     2    7.81805      0.172159    0.002658        0
     2    7.87854      0.174567    0.002657        0
     2    7.93902      0.179237    0.002652        0
     2    7.99951      0.193186    0.002583        0
     2    8.05999      0.199528    0.002517        0
     2    8.12047      0.208668    0.002516        0
     2    8.18096      0.218851    0.002559        0
     2    8.24144      0.225826    0.002571        0
     2    8.30192      0.236040    0.002625        0
     2    8.36241      0.246877    0.002603        0
     2    8.42289      0.253935    0.002586        0
     2    8.48337      0.263501    0.002644        0
     2    8.54386      0.267186    0.002722        0
     2    8.60434      0.271489    0.002797        0
     2    8.66483      0.283021    0.002807        0
     2    8.72531      0.291145    0.002816        0
     2    8.78579      0.300318    0.002816        0
     2    8.84628      0.306620    0.002852        0
     2    8.90676      0.314707    0.002912        0
     2    8.96724      0.322944    0.002974        0
     2    9.02773      0.334243    0.003017        0
     2    9.08821      0.347383    0.003038        0
     2    9.14869      0.352495    0.003037        0
     2    9.20918      0.359044    0.003049        0
     2    9.26966      0.368741    0.003091        0
     2    9.33015      0.369474    0.003125        0
     2    9.39063      0.374997    0.003188        0
     2    9.45111      0.385261    0.003209        0
     2    9.51160      0.390024    0.003196        0
     2    9.57208      0.393167    0.003132        0
     2    9.63256      0.400899    0.003042        0
     2    9.69305      0.400739    0.002954        0
     2    9.75353      0.401760    0.001799    12288
     2    9.81401      0.407158    0.001778    12288
     2    9.87450      0.405274    0.002776        0
     2    9.93498      0.405192    0.002739        0
     2    9.99547      0.408334    0.002677        0
     2   10.05595      0.412083    0.002641        0
     2   10.11643      0.408282    0.002591        0
     2   10.17692      0.407157    0.002554        0
     2   10.23740      0.407448    0.002565        0
     2   10.29788      0.404058    0.002598        0
     2   10.35837      0.402064    0.002621        0
     2   10.41885      0.405662    0.002644        0
     2   10.47933      0.409143    0.002676        0
     2   10.53982      0.406972    0.002689        0
     2   10.60030      0.404049    0.002712        0
     2   10.66079      0.401823    0.002736        0
     2   10.72127      0.398512    0.002767        0
     2   10.78175      0.402506    0.002837        0
     2   10.84224      0.397350    0.002904        0
     2   10.90272      0.393867    0.002999        0
     2   10.96320      0.394533    0.003098        0
     2   11.02369      0.392840    0.003160        0
     2   11.08417      0.391510    0.003240        0
     2   11.14465      0.388132    0.003255        0
     2   11.20514      0.386589    0.003286        0
     2   11.26562      0.383868    0.003272        0
     2   11.32611      0.379422    0.003253        0
     2   11.38659      0.375154    0.003227        0
     2   11.44707      0.366918    0.003207        0
     2   11.50756      0.364833    0.003231        0
     2   11.56804      0.361400    0.003269        0
     2   11.62852      0.354635    0.003313        0
     2   11.68901      0.347831    0.003310        0
     2   11.74949      0.344334    0.003296        0
     2   11.80997      0.339241    0.003270        0
     2   11.87046      0.331554    0.003215        0
     2   11.93094      0.326860    0.003214        0
     2   11.99143      0.326279    0.003158        0
     2   12.05191      0.324871    0.003152        0
     2   12.11239      0.318647    0.003184        0
     2   12.17288      0.310032    0.003118        0
     2   12.23336      0.310833    0.003077        0
     2   12.29384      0.308723    0.003058        0
     2   12.35433      0.306520    0.003026        0
     2   12.41481      0.307020    0.002997        0
     2   12.47529      0.307181    0.002974        0
     2   12.53578      0.307325    0.002959        0
     2   12.59626      0.308674    0.002932        0
     2   12.65675      0.304486    0.002911        0
     2   12.71723      0.302048    0.002918        0
     2   12.77771      0.309758    0.002962        0
     2   12.83820      0.309242    0.003013        0
     2   12.89868      0.304920    0.003068        0
     2   12.95916      0.304295    0.003131        0
     2   13.01965      0.302735    0.003180        0
     2   13.08013      0.299282    0.003305        0
     2   13.14061      0.296121    0.003361        0
     2   13.20110      0.301450    0.003491        0
     2   13.26158      0.305015    0.003601        0
     2   13.32206      0.304031    0.003692        0
     2   13.38255      0.301395    0.003783        0
     2   13.44303      0.303030    0.003893        0
     2   13.50352      0.308651    0.003936        0
     2   13.56400      0.308014    0.003981        0
     2   13.62448      0.313412    0.003992        0
     2   13.68497      0.314962    0.004050        0
     2   13.74545      0.319585    0.004083        0
     2   13.80593      0.320683    0.004178        0
     2   13.86642      0.318378    0.004195        0
     2   13.92690      0.329532    0.004333        0
     2   13.98738      0.331902    0.004423        0
     2   14.04787      0.333330    0.004509        0
     2   14.10835      0.329366    0.004648        0
     2   14.16884      0.325214    0.004700        0
     2   14.22932      0.327839    0.004739      128
