     1    5.21725      1.075216    0.006298        0
     1    5.24749      1.065748    0.006170        0
     1    5.27773      1.068503    0.006419        0
     1    5.30797      1.055190    0.005994        0
     1    5.33821      1.059582    0.005662        0
     1    5.36846      1.063365    0.005678        0
     1    5.39870      1.057972    0.005845        0
     1    5.42894      1.061568    0.005580        0
     1    5.45918      1.054501    0.005344        0
     1    5.48942      1.050274    0.005420        0
     1    5.51967      1.045264    0.005167        0
     1    5.54991      1.047330    0.005300        0
     1    5.58015      1.043567    0.005301        0
     1    5.61039      1.029078    0.005350        0
     1    5.64063      1.028802    0.005329        0
     1    5.67088      1.028050    0.005251        0
     1    5.70112      1.032868    0.005189        0
     1    5.73136      1.025277    0.005170        0
     1    5.76160      1.016307    0.005188        0
     1    5.79184      1.001050    0.005148        0
     1    5.82209      1.008347    0.005144        0
     1    5.85233      1.003008    0.005078        0
     1    5.88257      1.011327    0.005061        0
     1    5.91281      1.000691    0.005082        0
     1    5.94305      0.994937    0.005021        0
     1    5.97330      0.978271    0.004995        0
     1    6.00354      0.968411    0.005047        0
     1    6.03378      0.983702    0.004960        0
     1    6.06402      0.981596    0.005062        0
     1    6.09426      0.961355    0.004880        0
     1    6.12451      0.954010    0.004847        0
     1    6.15475      0.954014    0.005352        0
     1    6.18499      0.945258    0.004925        0
     1    6.21523      0.936902    0.004901        0
     1    6.24547      0.933361    0.004862        0
     1    6.27572      0.934933    0.004965        0
     1    6.30596      0.930921    0.005211        0
     1    6.33620      0.934176    0.005323        0
     1    6.36644      0.942728    0.005470        0
     1    6.39668      0.955607    0.005569        0
     1    6.42693      0.975089    0.005548        0
     1    6.45717      0.989300    0.005548        0
     1    6.48741      1.011366    0.005689        0
     1    6.51765      0.991235    0.005745        0
     1    6.54789      1.002879    0.005912        0
     1    6.57814      1.034857    0.006130        0
     1    6.60838      1.074781    0.006247        0
     1    6.63862      1.060991    0.006294        0
     1    6.66886      0.997374    0.005888        0
     1    6.69910      0.975517    0.005628        0
     1    6.72935      0.966348    0.005843        0
     1    6.75959      0.969043    0.005811        0
     1    6.78983      0.973318    0.006062        0
     1    6.82007      0.975334    0.006111        0
     1    6.85031      0.981449    0.006261        0
     1    6.88056      0.960159    0.006325        0
     1    6.91080      0.934276    0.006312        0
     1    6.94104      0.933852    0.006481        0
     1    6.97128      0.939469    0.006608        0
     1    7.00152      0.944051    0.007270        0
     1    7.03177      0.949917    0.007063        0
     1    7.06201      0.939240    0.006542        0
     1    7.09225      0.929723    0.006347        0
     1    7.12249      0.924438    0.006153        0
     1    7.15273      0.933809    0.005985        0
     1    7.18298      0.930457    0.005931        0
     1    7.21322      0.928539    0.006042        0
     1    7.24346      0.925748    0.006387        0
     1    7.27370      0.930442    0.006442        0
     1    7.30394      0.925987    0.006657        0
     1    7.33419      0.924740    0.006441        0
     1    7.36443      0.920381    0.006733        0
     1    7.39467      0.907991    0.006470        0
     1    7.42491      0.916809    0.006463        0
     1    7.45515      0.955483    0.006801        0
     1    7.48540      0.957955    0.006883        0
     1    7.51564      0.929128    0.006990        0
     1    7.54588      0.913596    0.007213        0
     2    7.57612      0.959699    0.005218        0
     2    7.63660      0.946479    0.005308        0
     2    7.69709      0.942643    0.004759        0
     2    7.75757      0.953936    0.004574        0
     2    7.81805      0.956012    0.004332        0
     2    7.87854      0.973361    0.004364        0
     2    7.93902      0.991720    0.004320        0
     2    7.99951      1.012571    0.004238        0
     2    8.05999      1.035086    0.004293        0
     2    8.12047      1.052523    0.004291        0
     2    8.18096      1.075630    0.004340        0
     2    8.24144      1.102584    0.004316        0
     2    8.30192      1.124872    0.004612        0
     2    8.36241      1.153498    0.004316        0
     2    8.42289      1.168532    0.004302        0
     2    8.48337      1.192829    0.004666        0
     2    8.54386      1.227006    0.004520        0
     2    8.60434      1.253096    0.004633        0
     2    8.66483      1.283945    0.004969        0
     2    8.72531      1.316485    0.004729        0
     2    8.78579      1.340236    0.004752        0
     2    8.84628      1.367618    0.004809        0
     2    8.90676      1.400483    0.004876        0
     2    8.96724      1.440738    0.004985        0
     2    9.02773      1.479132    0.005040        0
     2    9.08821      1.511005    0.005167        0
     2    9.14869      1.541620    0.005064        0
     2    9.20918      1.560442    0.005078        0
     2    9.26966      1.585105    0.005220        0
     2    9.33015      1.595075    0.005178        0
     2    9.39063      1.618124    0.005272        0
     2    9.45111      1.633851    0.005303        0
     2    9.51160      1.645296    0.005300        0
     2    9.57208      1.655140    0.005193        0
     2    9.63256      1.676231    0.005100        0
     2    9.69305      1.703400    0.004935        0
     2    9.75353      1.717540    0.003006    12288
     2    9.81401      1.753724    0.002994    12288
     2    9.87450      1.779081    0.004724        0
     2    9.93498      1.792178    0.004663        0
     2    9.99547      1.792569    0.004578        0
     2   10.05595      1.795135    0.004529        0
     2   10.11643      1.794328    0.004485        0
     2   10.17692      1.787388    0.004480        0
     2   10.23740      1.781616    0.004365        0
     2   10.29788      1.779135    0.004374        0
     2   10.35837      1.790434    0.004704        0
     2   10.41885      1.805135    0.004620        0
     2   10.47933      1.814804    0.004557        0
     2   10.53982      1.820215    0.004580        0
     2   10.60030      1.827698    0.004629        0
     2   10.66079      1.837744    0.004688        0
     2   10.72127      1.851320    0.004754        0
     2   10.78175      1.872498    0.004907        0
     2   10.84224      1.886030    0.005071        0
     2   10.90272      1.898638    0.005239        0
     2   10.96320      1.911704    0.005364        0
     2   11.02369      1.923383    0.005506        0
     2   11.08417      1.925416    0.005632        0
     2   11.14465      1.905366    0.005704        0
     2   11.20514      1.903998    0.005727        0
     2   11.26562      1.888486    0.005630        0
     2   11.32611      1.865837    0.005563        0
     2   11.38659      1.814161    0.005459        0
     2   11.44707      1.773572    0.005432        0
     2   11.50756      1.740266    0.005471        0
     2   11.56804      1.713583    0.005461        0
     2   11.62852      1.693408    0.005496        0
     2   11.68901      1.678643    0.005529        0
     2   11.74949      1.653417    0.005490        0
     2   11.80997      1.625031    0.005470        0
     2   11.87046      1.604299    0.005371        0
     2   11.93094      1.602982    0.005469        0
     2   11.99143      1.585076    0.005274        0
     2   12.05191      1.577740    0.005199        0
     2   12.11239      1.560570    0.005133        0
     2   12.17288      1.543757    0.005158        0
     2   12.23336      1.545426    0.005290        0
     2   12.29384      1.556553    0.005019        0
     2   12.35433      1.574240    0.004984        0
     2   12.41481      1.590577    0.004964        0
     2   12.47529      1.590969    0.004885        0
     2   12.53578      1.587044    0.004872        0
     2   12.59626      1.584961    0.004964        0
     2   12.65675      1.558928    0.004812        0
     2   12.71723      1.540258    0.004771        0
     2   12.77771      1.539474    0.004758        0
     2   12.83820      1.533546    0.004810        0
     2   12.89868      1.506981    0.004857        0
     2   12.95916      1.494665    0.004981        0
     2   13.01965      1.503038    0.005060        0
     2   13.08013      1.500862    0.005194        0
     2   13.14061      1.491663    0.005281        0
     2   13.20110      1.497737    0.005451        0
     2   13.26158      1.512510    0.005634        0
     2   13.32206      1.513443    0.005811        0
     2   13.38255      1.514247    0.006043        0
     2   13.44303      1.547229    0.006311        0
     2   13.50352      1.559289    0.006261        0
     2   13.56400      1.554480    0.006248        0
     2   13.62448      1.555970    0.006694        0
     2   13.68497      1.575791    0.006251        0
     2   13.74545      1.584181    0.006275        0
     2   13.80593      1.595621    0.006366        0
     2   13.86642      1.615041    0.006490        0
     2   13.92690      1.628293    0.006666        0
     2   13.98738      1.653530    0.006939        0
     2   14.04787      1.659632    0.006879        0
     2   14.10835      1.636848    0.006976        0
     2   14.16884      1.666357    0.007130        0
     2   14.22932      1.642453    0.007213      128
     4   20.75883      2.919398    0.011438        0
     4   20.92818      3.076697    0.010375        0
     4   21.09753      2.813835    0.009154        0
     4   21.26689      2.856595    0.010303        0
     4   21.43624      3.058131    0.010397        0
     4   21.60560      2.901870    0.008685        0
     4   21.77495      2.770116    0.008974        0
     4   21.94430      2.936169    0.010088        0
     4   22.11366      3.059736    0.009209        0
     4   22.28301      2.961186    0.008469        0
     4   22.45236      2.845643    0.008800        0
     4   22.62172      2.997610    0.009470        0
     4   22.79107      3.156162    0.008894        0
     4   22.96043      3.105989    0.007912        0
     4   23.12978      2.958659    0.007880        0
     4   23.29913      2.986698    0.008254        0
     4   23.46849      3.144227    0.008709        0
     4   23.63784      3.224697    0.007835        0
     4   23.80719      3.106098    0.007283        0
     4   23.97655      2.959799    0.007236        0
     4   24.14590      2.920209    0.007536        0
     4   24.31526      3.013161    0.007840        0
     4   24.48461      3.045997    0.007710        0
     4   24.65396      2.953198    0.007545        0
     4   24.82332      2.884026    0.007950        0
     4   24.99267      2.949584    0.008585        0
     4   25.16202      3.041870    0.008449        0
     4   25.33138      2.988544    0.007952        0
     4   25.50073      2.902169    0.007605        0
     4   25.67009      2.874236    0.008257        0
     4   25.83944      2.883879    0.008787        0
     4   26.00879      2.946494    0.009276        0
     4   26.17815      2.940941    0.008406        0
     4   26.34750      2.918240    0.007749        0
     4   26.51685      2.914451    0.007467        0
     4   26.68621      2.925722    0.007644        0
     4   26.85556      2.953219    0.007849        0
     4   27.02492      3.008573    0.007857        0
     4   27.19427      3.075416    0.007804        0
     4   27.36362      3.117465    0.007691        0
     4   27.53298      3.086201    0.007609        0
     4   27.70233      3.008374    0.008086        0
     4   27.87168      3.013577    0.008501        0
     4   28.04104      3.050623    0.009477        0
     4   28.21039      3.123616    0.010366        0
     4   28.37975      3.097596    0.009878        0
     4   28.54910      3.065645    0.009482        0
     4   28.71845      2.987826    0.008968        0
     4   28.88781      2.925265    0.009142        0
     4   29.05716      2.905257    0.009596        0
     4   29.22651      2.914139    0.009915        0
     4   29.39587      3.002501    0.009597        0
     4   29.56522      2.985123    0.008936        0
     4   29.73458      2.961924    0.008394        0
     4   29.90393      2.957572    0.008003        0
     4   30.07328      2.919503    0.007827        0
     4   30.24264      2.920450    0.008125        0
     4   30.41199      2.947160    0.008871        0
     4   30.58134      2.926208    0.009706        0
     4   30.75070      2.982853    0.010958        0
     4   30.92005      3.004191    0.011805        0
     4   31.08941      3.040857    0.012833        0
     4   31.25876      3.009542    0.013034        0
     4   31.42811      2.925026    0.012453        0
     4   31.59747      2.968186    0.012817        0
     4   31.76682      3.021321    0.012381        0
     4   31.93617      3.076518    0.012109        0
     4   32.10553      3.190602    0.012337        0
     4   32.27488      3.314977    0.012670        0
     4   32.44424      3.426633    0.012862        0
     4   32.61359      3.474846    0.012897        0
     4   32.78294      3.445040    0.012886        0
     4   32.95230      3.464428    0.013486        0
     4   33.12165      3.544228    0.015017        0
     4   33.29100      3.650015    0.017257        0
     4   33.46036      3.588833    0.019304        0
     4   33.62971      3.490659    0.021793        0
     4   33.79907      3.593338    0.023299        0
     4   33.96842      3.649053    0.023734        0
     4   34.13777      3.481692    0.020322        0
     4   34.30713      3.461474    0.019935        0
     4   34.47648      3.451469    0.018769        0
     4   34.64583      3.466442    0.018317        0
     4   34.81519      3.499401    0.018340        0
     4   34.98454      3.482418    0.020455        0
     4   35.15390      3.381225    0.023725        0
     4   35.32325      3.259633    0.022682        0
     4   35.49260      3.452311    0.027004        0
     4   35.66196      3.386453    0.031019        0
     4   35.83131      3.245752    0.044454        0
     4   36.00066      3.473959    0.044462        0
     4   36.17002      3.435915    0.034708        0
     4   36.33937      3.356434    0.034675        0
     4   36.50873      3.292142    0.031006        0
     4   36.67808      3.315643    0.030130        0
     4   36.84743      3.311791    0.030506        0
     4   37.01679      3.368044    0.032648        0
     4   37.18614      3.478531    0.038280        0
     4   37.35549      3.090274    0.037514        0
     4   37.52485      2.915088    0.042175        0
     4   37.69420      3.593330    0.061297        0
     4   37.86356      3.206037    0.068956        0
