0.3597	0.0035		0.0006		0.20	Herbst94
0.4377	0.0076		0.0014		0.20	Herbst94
0.5488	0.0273		0.0025		0.20	Herbst94
0.6515	0.0641		0.0118		0.20	Herbst94
0.7981	0.1289		0.0238		0.20	Herbst94
1.235   0.3474		0.0064		0.02    2MASS
1.662   0.5653	        0.0234	        0.02    2MASS
2.159   0.6558	        0.0266	        0.02    2MASS
3.3526	1.0088		0.0585		0.02	WISE
3.550   0.6000		0.0316		0.02	C2D
4.493	0.5340		0.0279		0.02	C2D
4.6028	0.7961		0.0293		0.03	WISE
5.731	0.4660		0.0234		0.02	C2D
7.872	0.5570		0.0297		0.02	C2D
11.561	1.4174		0.0157		0.05	WISE
22.088	3.8262		0.0670		0.06	WISE
23.68	2.190		0.212		0.05	C2D
70.	5.8624		1.6338		0.20	Herschel
100.	3.7333		1.4599		0.25	Herschel
869.    0.142           0.0070          0.10    Andrews07
881.8   0.1377          0.0022          0.10    Andrews10
1250.	0.102		0.010		0.20	Stanke02
3300.	0.0044		0.0004		0.10	Ricci10
