     1    5.21725      0.563217    0.008055        0
     1    5.24749      0.621785    0.008315        0
     1    5.27773      0.610816    0.008235        0
     1    5.30797      0.599951    0.007710        0
     1    5.33821      0.589618    0.007319        0
     1    5.36846      0.596524    0.007346        0
     1    5.39870      0.599426    0.007360        0
     1    5.42894      0.598881    0.007216        0
     1    5.45918      0.578984    0.006834        0
     1    5.48942      0.583390    0.006663        0
     1    5.51967      0.583075    0.006622        0
     1    5.54991      0.590625    0.006790        0
     1    5.58015      0.589939    0.006891        0
     1    5.61039      0.578426    0.006981        0
     1    5.64063      0.578594    0.007009        0
     1    5.67088      0.576154    0.006910        0
     1    5.70112      0.575403    0.006887        0
     1    5.73136      0.587377    0.006881        0
     1    5.76160      0.588315    0.006959        0
     1    5.79184      0.576111    0.006924        0
     1    5.82209      0.574650    0.006917        0
     1    5.85233      0.576013    0.006905        0
     1    5.88257      0.575315    0.006894        0
     1    5.91281      0.578472    0.006897        0
     1    5.94305      0.566478    0.006898        0
     1    5.97330      0.566859    0.006950        0
     1    6.00354      0.559841    0.007073        0
     1    6.03378      0.565937    0.007119        0
     1    6.06402      0.563533    0.007076        0
     1    6.09426      0.559127    0.007122        0
     1    6.12451      0.568146    0.007372        0
     1    6.15475      0.569673    0.007834        0
     1    6.18499      0.561907    0.008318        0
     1    6.21523      0.572538    0.008564        0
     1    6.24547      0.567925    0.008459        0
     1    6.27572      0.559694    0.008393        0
     1    6.30596      0.556403    0.008401        0
     1    6.33620      0.549802    0.008445        0
     1    6.36644      0.553950    0.008436        0
     1    6.39668      0.549454    0.008367        0
     1    6.42693      0.544720    0.008118        0
     1    6.45717      0.548477    0.008004        0
     1    6.48741      0.558218    0.008256        0
     1    6.51765      0.555400    0.008203        0
     1    6.54789      0.562283    0.008449        0
     1    6.57814      0.558744    0.008662        0
     1    6.60838      0.556851    0.008750        0
     1    6.63862      0.558210    0.008604        0
     1    6.66886      0.544975    0.008271        0
     1    6.69910      0.538344    0.008165        0
     1    6.72935      0.546418    0.008196        0
     1    6.75959      0.540421    0.008489        0
     1    6.78983      0.536272    0.008815        0
     1    6.82007      0.531977    0.008993        0
     1    6.85031      0.539020    0.009209        0
     1    6.88056      0.538558    0.009229        0
     1    6.91080      0.535571    0.009849        0
     1    6.94104      0.552110    0.010297        0
     1    6.97128      0.552044    0.010626        0
     1    7.00152      0.555583    0.010574        0
     1    7.03177      0.551389    0.010340        0
     1    7.06201      0.536494    0.010144        0
     1    7.09225      0.525323    0.009939        0
     1    7.12249      0.516863    0.009608        0
     1    7.15273      0.529423    0.009434        0
     1    7.18298      0.535685    0.009467        0
     1    7.21322      0.522652    0.009868        0
     1    7.24346      0.521509    0.010245        0
     1    7.27370      0.533593    0.010666        0
     1    7.30394      0.528950    0.010874        0
     1    7.33419      0.527637    0.010981        0
     1    7.36443      0.520814    0.011095        0
     1    7.39467      0.526328    0.011232        0
     1    7.42491      0.530612    0.011646        0
     1    7.45515      0.551882    0.012202        0
     1    7.48540      0.565743    0.012819        0
     1    7.51564      0.556292    0.013562        0
     1    7.54588      0.543123    0.014233        0
     2    7.57612      0.555440    0.009859        0
     2    7.63660      0.558849    0.009462        0
     2    7.69709      0.555858    0.008760        0
     2    7.75757      0.559179    0.008350        0
     2    7.81805      0.563369    0.008194        0
     2    7.87854      0.559751    0.007995        0
     2    7.93902      0.550682    0.007668        0
     2    7.99951      0.552426    0.007233        0
     2    8.05999      0.557944    0.006861        0
     2    8.12047      0.561186    0.006676        0
     2    8.18096      0.569250    0.006661        0
     2    8.24144      0.587869    0.006699        0
     2    8.30192      0.598303    0.006787        0
     2    8.36241      0.612731    0.006733        0
     2    8.42289      0.624291    0.006715        0
     2    8.48337      0.637962    0.006910        0
     2    8.54386      0.655305    0.007210        0
     2    8.60434      0.660095    0.007340        0
     2    8.66483      0.674215    0.007250        0
     2    8.72531      0.691898    0.007033        0
     2    8.78579      0.698543    0.006850        0
     2    8.84628      0.702489    0.006673        0
     2    8.90676      0.716499    0.006637        0
     2    8.96724      0.743390    0.006689        0
     2    9.02773      0.761392    0.006719        0
     2    9.08821      0.774636    0.006676        0
     2    9.14869      0.798305    0.006627        0
     2    9.20918      0.816936    0.006651        0
     2    9.26966      0.843843    0.006730        0
     2    9.33015      0.850075    0.006737        0
     2    9.39063      0.864294    0.006896        0
     2    9.45111      0.882443    0.006930        0
     2    9.51160      0.894554    0.006918        0
     2    9.57208      0.895067    0.006853        0
     2    9.63256      0.908772    0.006842        0
     2    9.69305      0.928189    0.006629        0
     2    9.75353      0.920847    0.004069    12288
     2    9.81401      0.932957    0.003983    12288
     2    9.87450      0.943337    0.006110        0
     2    9.93498      0.952948    0.006033        0
     2    9.99547      0.953113    0.005937        0
     2   10.05595      0.954732    0.005810        0
     2   10.11643      0.955999    0.005719        0
     2   10.17692      0.963353    0.005661        0
     2   10.23740      0.967790    0.005665        0
     2   10.29788      0.968686    0.005718        0
     2   10.35837      0.963558    0.005751        0
     2   10.41885      0.961460    0.005861        0
     2   10.47933      0.968262    0.005956        0
     2   10.53982      0.971152    0.006053        0
     2   10.60030      0.965424    0.006169        0
     2   10.66079      0.963202    0.006262        0
     2   10.72127      0.963476    0.006377        0
     2   10.78175      0.967707    0.006582        0
     2   10.84224      0.963362    0.006773        0
     2   10.90272      0.967756    0.007116        0
     2   10.96320      0.964498    0.007527        0
     2   11.02369      0.980706    0.008427        0
     2   11.08417      0.994004    0.008352        0
     2   11.14465      1.037974    0.009347        0
     2   11.20514      1.079220    0.010687        0
     2   11.26562      1.107845    0.010904        0
     2   11.32611      1.052836    0.010143        0
     2   11.38659      1.006797    0.009329        0
     2   11.44707      0.977131    0.008793        0
     2   11.50756      0.940918    0.008513        0
     2   11.56804      0.905215    0.008310        0
     2   11.62852      0.892688    0.008164        0
     2   11.68901      0.873164    0.008082        0
     2   11.74949      0.853186    0.008014        0
     2   11.80997      0.828707    0.007959        0
     2   11.87046      0.807891    0.007854        0
     2   11.93094      0.814536    0.007946        0
     2   11.99143      0.810442    0.007857        0
     2   12.05191      0.792836    0.007804        0
     2   12.11239      0.795932    0.007776        0
     2   12.17288      0.781787    0.007678        0
     2   12.23336      0.782855    0.007964        0
     2   12.29384      0.776640    0.008030        0
     2   12.35433      0.773535    0.007793        0
     2   12.41481      0.779538    0.007696        0
     2   12.47529      0.779092    0.007665        0
     2   12.53578      0.786727    0.007757        0
     2   12.59626      0.788946    0.007867        0
     2   12.65675      0.790044    0.008025        0
     2   12.71723      0.787188    0.008155        0
     2   12.77771      0.789295    0.008186        0
     2   12.83820      0.779729    0.008019        0
     2   12.89868      0.766251    0.007748        0
     2   12.95916      0.754122    0.007675        0
     2   13.01965      0.753030    0.007723        0
     2   13.08013      0.757972    0.007898        0
     2   13.14061      0.747092    0.008101        0
     2   13.20110      0.759961    0.008414        0
     2   13.26158      0.764545    0.008566        0
     2   13.32206      0.766711    0.008690        0
     2   13.38255      0.771935    0.008876        0
     2   13.44303      0.779607    0.009138        0
     2   13.50352      0.782779    0.009254        0
     2   13.56400      0.793637    0.009344        0
     2   13.62448      0.811106    0.009389        0
     2   13.68497      0.828304    0.009427        0
     2   13.74545      0.828399    0.009526        0
     2   13.80593      0.824209    0.009485        0
     2   13.86642      0.821327    0.009485        0
     2   13.92690      0.846298    0.009696        0
     2   13.98738      0.869455    0.009937        0
     2   14.04787      0.863786    0.010135        0
     2   14.10835      0.857261    0.010309        0
     2   14.16884      0.878376    0.010578        0
     2   14.22932      0.862540    0.010595      128
