0.6515	0.00569		0.00204		0.30	Merin08
0.7981	0.02412		0.00022		0.30	Merin08
0.96	0.07448		0.00686		0.30	Merin08
1.235	0.1089		0.026		0.02	2MASS
1.662	0.1354		0.026		0.02	2MASS
2.159	0.1249		0.023		0.02	2MASS	
3.3526	0.1033		0.024		0.02	WISE
3.550	0.0957		0.0054		0.02	C2D
4.493	0.101		0.0052 		0.02	C2D
4.6028	0.1077		0.021		0.03	WISE
5.731	0.0972		0.0047 		0.02	C2D
7.872	0.121		0.0060 		0.02	C2D
9.	0.1487		0.00848		0.15	AKARI
11.561	0.1630		0.015		0.05	WISE
22.088	0.3718		0.028		0.06	WISE
23.68	0.347		0.0323		0.05	C2D
70.	0.3622		0.0316		0.20	Herschel
71.44	0.257		0.0305		0.10	C2D
100.	0.3139		0.0357		0.25	Herschel
892.8	0.09641		0.00032		0.10	Ansdell16
