     1    5.21725      0.090251    0.004352        0
     1    5.24749      0.096839    0.004342        0
     1    5.27773      0.094913    0.005076        0
     1    5.30797      0.096896    0.004464        0
     1    5.33821      0.102965    0.003979        0
     1    5.36846      0.097471    0.003929        0
     1    5.39870      0.098345    0.003953        0
     1    5.42894      0.093451    0.003821        0
     1    5.45918      0.093413    0.003644        0
     1    5.48942      0.098668    0.003558        0
     1    5.51967      0.095687    0.003468        0
     1    5.54991      0.104213    0.003606        0
     1    5.58015      0.098117    0.003636        0
     1    5.61039      0.103675    0.003705        0
     1    5.64063      0.097634    0.003605        0
     1    5.67088      0.099324    0.003527        0
     1    5.70112      0.100743    0.003535        0
     1    5.73136      0.101398    0.003543        0
     1    5.76160      0.096352    0.003576        0
     1    5.79184      0.093800    0.003623        0
     1    5.82209      0.096023    0.003628        0
     1    5.85233      0.101926    0.003647        0
     1    5.88257      0.109092    0.003726        0
     1    5.91281      0.098975    0.003618        0
     1    5.94305      0.104123    0.003723        0
     1    5.97330      0.103230    0.003693        0
     1    6.00354      0.104042    0.003718        0
     1    6.03378      0.106240    0.003717        0
     1    6.06402      0.104876    0.003667        0
     1    6.09426      0.098351    0.003624        0
     1    6.12451      0.097499    0.003648        0
     1    6.15475      0.097687    0.003748        0
     1    6.18499      0.100880    0.004356        0
     1    6.21523      0.098939    0.003650        0
     1    6.24547      0.092479    0.003668        0
     1    6.27572      0.089566    0.003757        0
     1    6.30596      0.096943    0.003918        0
     1    6.33620      0.099995    0.004138        0
     1    6.36644      0.102946    0.004271        0
     1    6.39668      0.097725    0.004226        0
     1    6.42693      0.100511    0.004214        0
     1    6.45717      0.098652    0.004145        0
     1    6.48741      0.108656    0.004268        0
     1    6.51765      0.104736    0.004387        0
     1    6.54789      0.100902    0.004640        0
     1    6.57814      0.111023    0.004873        0
     1    6.60838      0.114569    0.004957        0
     1    6.63862      0.112272    0.004803        0
     1    6.66886      0.099048    0.004529        0
     1    6.69910      0.100612    0.004518        0
     1    6.72935      0.095745    0.004496        0
     1    6.75959      0.096383    0.004680        0
     1    6.78983      0.103458    0.004961        0
     1    6.82007      0.102682    0.005134        0
     1    6.85031      0.101837    0.005252        0
     1    6.88056      0.110385    0.005362        0
     1    6.91080      0.107544    0.005445        0
     1    6.94104      0.101419    0.005611        0
     1    6.97128      0.098846    0.005837        0
     1    7.00152      0.109566    0.006114        0
     1    7.03177      0.104876    0.006066        0
     1    7.06201      0.114379    0.006075        0
     1    7.09225      0.103649    0.005793        0
     1    7.12249      0.106050    0.005549        0
     1    7.15273      0.099239    0.005377        0
     1    7.18298      0.100078    0.005639        0
     1    7.21322      0.099159    0.006237        0
     1    7.24346      0.102451    0.005830        0
     1    7.27370      0.104856    0.006501        0
     1    7.30394      0.106591    0.006217        0
     1    7.33419      0.112195    0.006217        0
     1    7.36443      0.115929    0.006263        0
     1    7.39467      0.113704    0.006192        0
     1    7.42491      0.114736    0.006321        0
     1    7.45515      0.106190    0.006513        0
     1    7.48540      0.063850    0.005458    12288
     2    7.57612      0.105409    0.004150        0
     2    7.63660      0.108934    0.003924        0
     2    7.69709      0.115820    0.003687        0
     2    7.75757      0.112187    0.003415        0
     2    7.81805      0.118700    0.003885        0
     2    7.87854      0.124345    0.003447        0
     2    7.93902      0.114632    0.003294        0
     2    7.99951      0.117942    0.003190        0
     2    8.05999      0.122977    0.003119        0
     2    8.12047      0.118683    0.003014        0
     2    8.18096      0.121071    0.003043        0
     2    8.24144      0.120899    0.003024        0
     2    8.30192      0.123808    0.003030        0
     2    8.36241      0.130137    0.003022        0
     2    8.42289      0.131336    0.003002        0
     2    8.48337      0.132784    0.002978        0
     2    8.54386      0.137397    0.003076        0
     2    8.60434      0.141014    0.003130        0
     2    8.66483      0.141270    0.003123        0
     2    8.72531      0.140396    0.003113        0
     2    8.78579      0.144124    0.003098        0
     2    8.84628      0.144810    0.003124        0
     2    8.90676      0.145674    0.003130        0
     2    8.96724      0.155711    0.003210        0
     2    9.02773      0.153442    0.003262        0
     2    9.08821      0.165959    0.003310        0
     2    9.14869      0.162511    0.003257        0
     2    9.20918      0.168468    0.003296        0
     2    9.26966      0.166824    0.003304        0
     2    9.33015      0.169924    0.003343        0
     2    9.39063      0.168214    0.003422        0
     2    9.45111      0.175418    0.003444        0
     2    9.51160      0.171951    0.003498        0
     2    9.57208      0.173131    0.003364        0
     2    9.63256      0.168959    0.003354        0
     2    9.69305      0.176463    0.003213        0
     2    9.75353      0.173978    0.002097    12288
     2    9.81401      0.177590    0.001911    12288
     2    9.87450      0.179325    0.002947        0
     2    9.93498      0.177017    0.002918        0
     2    9.99547      0.179098    0.003115        0
     2   10.05595      0.181293    0.002831        0
     2   10.11643      0.182283    0.002789        0
     2   10.17692      0.183616    0.002746        0
     2   10.23740      0.181986    0.002799        0
     2   10.29788      0.181451    0.002803        0
     2   10.35837      0.182558    0.002807        0
     2   10.41885      0.186119    0.002853        0
     2   10.47933      0.184136    0.002899        0
     2   10.53982      0.178290    0.002965        0
     2   10.60030      0.174559    0.003020        0
     2   10.66079      0.178116    0.002995        0
     2   10.72127      0.181229    0.003055        0
     2   10.78175      0.184494    0.003145        0
     2   10.84224      0.183873    0.003217        0
     2   10.90272      0.188031    0.003327        0
     2   10.96320      0.186447    0.003416        0
     2   11.02369      0.188483    0.003528        0
     2   11.08417      0.179669    0.003606        0
     2   11.14465      0.182901    0.003606        0
     2   11.20514      0.186895    0.003670        0
     2   11.26562      0.184818    0.003647        0
     2   11.32611      0.179822    0.003702        0
     2   11.38659      0.184227    0.003651        0
     2   11.44707      0.177563    0.003678        0
     2   11.50756      0.180420    0.003740        0
     2   11.56804      0.179068    0.003807        0
     2   11.62852      0.180940    0.003815        0
     2   11.68901      0.176579    0.003890        0
     2   11.74949      0.170209    0.003871        0
     2   11.80997      0.167154    0.003828        0
     2   11.87046      0.170106    0.003733        0
     2   11.93094      0.172737    0.003810        0
     2   11.99143      0.159654    0.003789        0
     2   12.05191      0.165194    0.003811        0
     2   12.11239      0.164206    0.003758        0
     2   12.17288      0.163347    0.003709        0
     2   12.23336      0.156789    0.003674        0
     2   12.29384      0.164214    0.003648        0
     2   12.35433      0.168082    0.003757        0
     2   12.41481      0.164637    0.003786        0
     2   12.47529      0.159620    0.003891        0
     2   12.53578      0.162490    0.003786        0
     2   12.59626      0.163048    0.003569        0
     2   12.65675      0.162733    0.003549        0
     2   12.71723      0.164772    0.003560        0
     2   12.77771      0.164783    0.003603        0
     2   12.83820      0.164530    0.003700        0
     2   12.89868      0.170538    0.003758        0
     2   12.95916      0.172543    0.002565    12288
     2   13.01965      0.169337    0.002553    12288
     2   13.08013      0.165936    0.004091        0
     2   13.14061      0.166720    0.004182        0
     2   13.20110      0.166096    0.004506        0
     2   13.26158      0.170112    0.004496        0
     2   13.32206      0.169747    0.004566        0
     2   13.38255      0.170227    0.004758        0
     2   13.44303      0.164172    0.004802        0
     2   13.50352      0.172770    0.004874        0
     2   13.56400      0.172526    0.004977        0
     2   13.62448      0.179803    0.004978        0
     2   13.68497      0.180217    0.005074        0
     2   13.74545      0.181940    0.005151        0
     2   13.80593      0.183775    0.005228        0
     2   13.86642      0.182701    0.005307        0
     2   13.92690      0.187891    0.005431        0
     2   13.98738      0.186636    0.005520        0
     2   14.04787      0.193399    0.006465        0
     2   14.10835      0.179538    0.006177        0
     2   14.16884      0.185360    0.005892        0
     2   14.22932      0.184266    0.005974      128
     3   14.32338      0.198402    0.005982        0
     3   14.40806      0.194178    0.005723        0
     3   14.49274      0.202615    0.005990        0
     3   14.57741      0.207381    0.006810        0
     3   14.66209      0.198527    0.006223        0
     3   14.74677      0.200329    0.006704        0
     3   14.83145      0.206665    0.007025        0
     3   14.91612      0.202865    0.007104        0
     3   15.00080      0.216904    0.006721        0
     3   15.08548      0.209039    0.006457        0
     3   15.17015      0.207547    0.006306        0
     3   15.25483      0.214679    0.006034        0
     3   15.33951      0.208635    0.006160        0
     3   15.42418      0.218994    0.005256        0
     3   15.50886      0.223152    0.005021        0
     3   15.59354      0.220444    0.005014        0
     3   15.67821      0.223361    0.005132        0
     3   15.76289      0.227938    0.005442        0
     3   15.84757      0.227714    0.006111        0
     3   15.93224      0.233332    0.007155        0
     3   16.01692      0.236795    0.007919        0
     3   16.10160      0.246110    0.008095        0
     3   16.18628      0.240059    0.008290        0
     3   16.27095      0.242813    0.008509        0
     3   16.35563      0.238133    0.008182        0
     3   16.44031      0.243319    0.007507        0
     3   16.52498      0.243753    0.006824        0
     3   16.60966      0.247558    0.006532        0
     3   16.69434      0.253747    0.006627        0
     3   16.77901      0.261507    0.006992        0
     3   16.86369      0.268428    0.007479        0
     3   16.94837      0.263702    0.007823        0
     3   17.03304      0.254379    0.008134        0
     3   17.11772      0.267308    0.008380        0
     3   17.20240      0.267865    0.008513        0
     3   17.28707      0.276196    0.008794        0
     3   17.37175      0.275908    0.008892        0
     3   17.45643      0.272342    0.008273        0
     3   17.54111      0.276406    0.007626        0
     3   17.62578      0.275458    0.007402        0
     3   17.71046      0.273697    0.007576        0
     3   17.79514      0.271067    0.007628        0
     3   17.87981      0.266875    0.008124        0
     3   17.96449      0.280438    0.008614        0
     3   18.04917      0.286783    0.009271        0
     3   18.13384      0.293626    0.009946        0
     3   18.21852      0.291796    0.010627        0
     3   18.30320      0.303837    0.010735        0
     3   18.38787      0.300937    0.010962        0
     3   18.47255      0.300977    0.010906        0
     3   18.55723      0.298343    0.010548        0
     3   18.64190      0.298635    0.010141        0
     3   18.72658      0.299167    0.009799        0
     3   18.81126      0.300221    0.009633        0
     3   18.89594      0.295226    0.009652        0
     3   18.98061      0.299202    0.009856        0
     3   19.06529      0.308366    0.007092    12288
     3   19.14997      0.318520    0.007757    12288
     3   19.23464      0.310196    0.013592        0
     3   19.31932      0.311566    0.015120        0
     3   19.40400      0.317071    0.015054        0
     3   19.48867      0.288291    0.015024        0
     3   19.57335      0.296037    0.016705        0
     3   19.65803      0.303279    0.016335        0
     3   19.74270      0.273238    0.014379        0
     3   19.82738      0.296267    0.013432        0
     3   19.91206      0.325186    0.012760        0
     3   19.99673      0.332464    0.012667        0
     3   20.08141      0.337217    0.013114        0
     3   20.16609      0.331454    0.013618        0
     3   20.25077      0.320309    0.014765        0
     3   20.33544      0.320381    0.016514        0
     3   20.42012      0.313158    0.019604        0
     3   20.50480      0.320180    0.017856        0
     3   20.58947      0.334078    0.019007        0
     4   20.75883      0.326848    0.013582        0
     4   20.92818      0.330417    0.011574        0
     4   21.09753      0.332058    0.009806        0
     4   21.26689      0.353001    0.011469        0
     4   21.43624      0.350774    0.010807        0
     4   21.60560      0.326144    0.008983        0
     4   21.77495      0.322223    0.009934        0
     4   21.94430      0.337711    0.011108        0
     4   22.11366      0.338957    0.009465        0
     4   22.28301      0.340500    0.008405        0
     4   22.45236      0.332985    0.009306        0
     4   22.62172      0.339350    0.010261        0
     4   22.79107      0.345654    0.009074        0
     4   22.96043      0.337225    0.007629        0
     4   23.12978      0.330918    0.007671        0
     4   23.29913      0.344380    0.008815        0
     4   23.46849      0.339795    0.008641        0
     4   23.63784      0.341965    0.007621        0
     4   23.80719      0.359504    0.006794        0
     4   23.97655      0.354006    0.007107        0
     4   24.14590      0.347399    0.007728        0
     4   24.31526      0.348352    0.006606    12288
     4   24.48461      0.348098    0.006230    12288
     4   24.65396      0.356313    0.007427        0
     4   24.82332      0.356672    0.008151        0
     4   24.99267      0.356631    0.008912        0
     4   25.16202      0.351432    0.008733        0
     4   25.33138      0.359933    0.008061        0
     4   25.50073      0.349905    0.007941        0
     4   25.67009      0.353322    0.008767        0
     4   25.83944      0.354590    0.009573        0
     4   26.00879      0.367555    0.009808        0
     4   26.17815      0.360360    0.009115        0
     4   26.34750      0.360490    0.008195        0
     4   26.51685      0.363452    0.007754        0
     4   26.68621      0.363385    0.008084        0
     4   26.85556      0.356312    0.008495        0
     4   27.02492      0.344359    0.008870        0
     4   27.19427      0.351942    0.008604        0
     4   27.36362      0.366413    0.008154        0
     4   27.53298      0.370552    0.008013        0
     4   27.70233      0.366309    0.008406        0
     4   27.87168      0.354217    0.009495        0
     4   28.04104      0.367352    0.010875        0
     4   28.21039      0.364174    0.011799        0
     4   28.37975      0.373065    0.011352        0
     4   28.54910      0.368359    0.010474        0
     4   28.71845      0.366955    0.010120        0
     4   28.88781      0.411467    0.012538        0
     4   29.05716      0.365273    0.011494        0
     4   29.22651      0.369943    0.011903        0
     4   29.39587      0.371822    0.011802        0
     4   29.56522      0.359904    0.011195        0
     4   29.73458      0.357036    0.010512        0
     4   29.90393      0.364853    0.009818        0
     4   30.07328      0.362767    0.009524        0
     4   30.24264      0.377260    0.010067        0
     4   30.41199      0.397576    0.011428        0
     4   30.58134      0.369794    0.012594        0
     4   30.75070      0.372746    0.014102        0
     4   30.92005      0.382730    0.015426        0
     4   31.08941      0.374051    0.016766        0
     4   31.25876      0.361924    0.017357        0
     4   31.42811      0.376916    0.016799        0
     4   31.59747      0.381813    0.017356        0
     4   31.76682      0.390946    0.017421        0
     4   31.93617      0.372605    0.017128        0
     4   32.10553      0.391342    0.017514        0
     4   32.27488      0.375981    0.018092        0
     4   32.44424      0.387794    0.018317        0
     4   32.61359      0.403022    0.018432        0
     4   32.78294      0.384532    0.018595        0
     4   32.95230      0.381969    0.019215        0
     4   33.12165      0.384139    0.021326        0
     4   33.29100      0.390208    0.024985        0
     4   33.46036      0.357974    0.028196        0
     4   33.62971      0.376234    0.033378        0
     4   33.79907      0.392617    0.036415        0
     4   33.96842      0.414035    0.037368        0
     4   34.13777      0.369819    0.036039        0
     4   34.30713      0.387309    0.041412        0
     4   34.47648      0.360750    0.035055        0
     4   34.64583      0.339272    0.032818        0
     4   34.81519      0.357944    0.033257        0
     4   34.98454      0.359519    0.034910        0
     4   35.15390      0.332578    0.038177        0
     4   35.32325      0.333817    0.042317        0
     4   35.49260      0.355075    0.053343        0
     4   35.66196      0.356052    0.067475        0
     4   35.83131      0.391552    0.077164        0
     4   36.00066      0.488710    0.077380        0
     4   36.17002      0.345896    0.076213        0
     4   36.33937      0.327016    0.075044        0
     4   36.50873      0.307447    0.075138        0
     4   36.67808      0.319922    0.074297        0
     4   36.84743      0.353660    0.072702        0
     4   37.01679      0.401055    0.078998        0
     4   37.18614      0.430824    0.093466        0
     4   37.35549      0.362140    0.103559        0
     4   37.52485      0.382120    0.117327        0
     4   37.69420      0.385032    0.155678        0
     4   37.86356      0.430779    0.170241        0
