0.3597	0.00091		0.00128		0.2	Eisner05
0.4377	0.00394		0.00022		0.2	Eisner05
0.5488	0.01542		0.00043		0.2	Eisner05
0.6515	0.03791		0.00140		0.2	Eisner05
0.7981	0.12659		0.00933		0.2	Eisner05
1.235	0.5187		0.0115		0.02	2MASS
1.662	0.9565		0.0335		0.02	2MASS
2.159	1.2011		0.0299		0.02	2MASS	
3.3526	1.0209		0.0752		0.02	WISE
3.550	1.090		0.0570		0.02	C2D
4.493	0.814		0.0713		0.02	C2D
4.6028	1.0106		0.0465		0.03	WISE
5.731	0.966		0.0543		0.02	C2D
7.872	1.010		0.0564		0.02	C2D
9.	0.8867		0.0198		0.10	AKARI
11.561	0.8878		0.0114		0.05	WISE
22.088	1.5051		0.0250		0.06	WISE
23.68	1.270		0.1180		0.05	C2D
65.	1.869		0.243		0.20	AKARI
70.	1.8596		0.0534		0.20	Herschel
90.	2.303		0.249		0.25	AKARI
140.	3.225		0.787		0.25	AKARI
160.	1.6835		0.1890		0.25	Herschel
250.	1.5628		0.2673		0.25	Herschel
350.	1.3250		0.2719		0.25	Herschel
443.	0.9787		0.2972		0.25	Andrews07
500.	1.028		0.1661		0.25	Herschel
869.2	0.395		0.003		0.10	Andrews09
1250.   0.13            0.015           0.20    Andre94
3300.	0.0103		0.0004		0.10	Ricci10
