     1    5.21725      0.829255    0.005552        0
     1    5.24749      0.858723    0.005558        0
     1    5.27773      0.864787    0.005769        0
     1    5.30797      0.849163    0.005439        0
     1    5.33821      0.855784    0.005158        0
     1    5.36846      0.868467    0.005412        0
     1    5.39870      0.866744    0.005145        0
     1    5.42894      0.867502    0.005074        0
     1    5.45918      0.857779    0.004842        0
     1    5.48942      0.856759    0.004693        0
     1    5.51967      0.858489    0.004685        0
     1    5.54991      0.857614    0.004883        0
     1    5.58015      0.859294    0.004896        0
     1    5.61039      0.853256    0.004946        0
     1    5.64063      0.848715    0.004845        0
     1    5.67088      0.849124    0.004749        0
     1    5.70112      0.843681    0.004722        0
     1    5.73136      0.841101    0.004704        0
     1    5.76160      0.829824    0.004705        0
     1    5.79184      0.824194    0.004684        0
     1    5.82209      0.821183    0.004708        0
     1    5.85233      0.821951    0.004625        0
     1    5.88257      0.823482    0.004586        0
     1    5.91281      0.827592    0.004582        0
     1    5.94305      0.827427    0.004613        0
     1    5.97330      0.823850    0.004645        0
     1    6.00354      0.817820    0.004569        0
     1    6.03378      0.821579    0.004582        0
     1    6.06402      0.825538    0.004527        0
     1    6.09426      0.822071    0.004464        0
     1    6.12451      0.815121    0.004457        0
     1    6.15475      0.812188    0.004471        0
     1    6.18499      0.818441    0.004520        0
     1    6.21523      0.818356    0.004581        0
     1    6.24547      0.825799    0.004668        0
     1    6.27572      0.826566    0.005218        0
     1    6.30596      0.815096    0.004828        0
     1    6.33620      0.816607    0.005215        0
     1    6.36644      0.818495    0.005145        0
     1    6.39668      0.822809    0.005272        0
     1    6.42693      0.824593    0.005524        0
     1    6.45717      0.819122    0.005193        0
     1    6.48741      0.825721    0.005756        0
     1    6.51765      0.824713    0.005326        0
     1    6.54789      0.821560    0.005478        0
     1    6.57814      0.831677    0.005968        0
     1    6.60838      0.840756    0.005617        0
     1    6.63862      0.834539    0.005444        0
     1    6.66886      0.820024    0.005295        0
     1    6.69910      0.817008    0.005191        0
     1    6.72935      0.813352    0.005186        0
     1    6.75959      0.815160    0.005395        0
     1    6.78983      0.824325    0.005547        0
     1    6.82007      0.822043    0.005682        0
     1    6.85031      0.826970    0.005772        0
     1    6.88056      0.814295    0.005817        0
     1    6.91080      0.807801    0.005861        0
     1    6.94104      0.810191    0.006057        0
     1    6.97128      0.815592    0.006231        0
     1    7.00152      0.803648    0.006847        0
     1    7.03177      0.812375    0.006224        0
     1    7.06201      0.806210    0.006129        0
     1    7.09225      0.809192    0.005963        0
     1    7.12249      0.813024    0.005719        0
     1    7.15273      0.814302    0.005634        0
     1    7.18298      0.826507    0.005741        0
     1    7.21322      0.826577    0.005754        0
     1    7.24346      0.819487    0.005852        0
     1    7.27370      0.820352    0.006104        0
     1    7.30394      0.828566    0.006050        0
     1    7.33419      0.822059    0.007187        0
     1    7.36443      0.822858    0.006316        0
     1    7.39467      0.822812    0.006041        0
     1    7.42491      0.823422    0.006129        0
     1    7.45515      0.839262    0.006325        0
     1    7.48540      0.849423    0.006529        0
     1    7.51564      0.841446    0.006759        0
     1    7.54588      0.829673    0.006952        0
     2    7.57612      0.826291    0.004825        0
     2    7.63660      0.814295    0.004613        0
     2    7.69709      0.808304    0.004381        0
     2    7.75757      0.825200    0.004219        0
     2    7.81805      0.831127    0.004208        0
     2    7.87854      0.840678    0.004117        0
     2    7.93902      0.850514    0.004104        0
     2    7.99951      0.851744    0.003946        0
     2    8.05999      0.864376    0.003911        0
     2    8.12047      0.872439    0.003852        0
     2    8.18096      0.880541    0.003856        0
     2    8.24144      0.889595    0.003873        0
     2    8.30192      0.894505    0.003909        0
     2    8.36241      0.902533    0.003857        0
     2    8.42289      0.914775    0.003873        0
     2    8.48337      0.925692    0.003899        0
     2    8.54386      0.938550    0.003985        0
     2    8.60434      0.937747    0.004078        0
     2    8.66483      0.947814    0.004173        0
     2    8.72531      0.955590    0.004076        0
     2    8.78579      0.962862    0.004193        0
     2    8.84628      0.970410    0.004130        0
     2    8.90676      0.984466    0.004119        0
     2    8.96724      0.987700    0.004390        0
     2    9.02773      0.992959    0.004232        0
     2    9.08821      1.005554    0.004183        0
     2    9.14869      1.012784    0.004305        0
     2    9.20918      1.015169    0.004123        0
     2    9.26966      1.018849    0.004128        0
     2    9.33015      1.020366    0.004151        0
     2    9.39063      1.022917    0.004290        0
     2    9.45111      1.022818    0.004255        0
     2    9.51160      1.013124    0.004206        0
     2    9.57208      0.995624    0.004144        0
     2    9.63256      0.991254    0.003989        0
     2    9.69305      0.990155    0.003825        0
     2    9.75353      0.989115    0.002305    12288
     2    9.81401      0.999828    0.002315    12288
     2    9.87450      0.999872    0.003674        0
     2    9.93498      0.999584    0.003640        0
     2    9.99547      0.997556    0.003496        0
     2   10.05595      0.998595    0.003482        0
     2   10.11643      1.001378    0.003464        0
     2   10.17692      1.004642    0.003485        0
     2   10.23740      1.013659    0.003384        0
     2   10.29788      1.017942    0.003449        0
     2   10.35837      1.018145    0.003429        0
     2   10.41885      1.024587    0.003463        0
     2   10.47933      1.026849    0.003505        0
     2   10.53982      1.030981    0.003534        0
     2   10.60030      1.039723    0.003613        0
     2   10.66079      1.044224    0.003639        0
     2   10.72127      1.049264    0.003708        0
     2   10.78175      1.051200    0.003798        0
     2   10.84224      1.054230    0.003890        0
     2   10.90272      1.045651    0.004215        0
     2   10.96320      1.048354    0.004128        0
     2   11.02369      1.052516    0.004190        0
     2   11.08417      1.055832    0.004396        0
     2   11.14465      1.052655    0.004306        0
     2   11.20514      1.064249    0.004351        0
     2   11.26562      1.064913    0.004404        0
     2   11.32611      1.063929    0.004458        0
     2   11.38659      1.057650    0.004409        0
     2   11.44707      1.046166    0.004273        0
     2   11.50756      1.043538    0.004351        0
     2   11.56804      1.040538    0.004342        0
     2   11.62852      1.028219    0.004371        0
     2   11.68901      1.017606    0.004414        0
     2   11.74949      1.003796    0.004447        0
     2   11.80997      0.986511    0.004400        0
     2   11.87046      0.969635    0.004312        0
     2   11.93094      0.968090    0.004418        0
     2   11.99143      0.956746    0.004241        0
     2   12.05191      0.950433    0.004212        0
     2   12.11239      0.938128    0.004188        0
     2   12.17288      0.928427    0.004097        0
     2   12.23336      0.919725    0.004079        0
     2   12.29384      0.923815    0.004066        0
     2   12.35433      0.933737    0.004054        0
     2   12.41481      0.938030    0.003994        0
     2   12.47529      0.941657    0.003966        0
     2   12.53578      0.944068    0.003981        0
     2   12.59626      0.947276    0.004017        0
     2   12.65675      0.946665    0.003864        0
     2   12.71723      0.937299    0.003882        0
     2   12.77771      0.932264    0.003983        0
     2   12.83820      0.932421    0.004082        0
     2   12.89868      0.922452    0.004058        0
     2   12.95916      0.914470    0.004064        0
     2   13.01965      0.916111    0.004157        0
     2   13.08013      0.913178    0.004279        0
     2   13.14061      0.912511    0.004338        0
     2   13.20110      0.912448    0.004481        0
     2   13.26158      0.907127    0.004571        0
     2   13.32206      0.911631    0.004695        0
     2   13.38255      0.918027    0.004789        0
     2   13.44303      0.927202    0.005013        0
     2   13.50352      0.930390    0.005052        0
     2   13.56400      0.933091    0.004989        0
     2   13.62448      0.938905    0.005000        0
     2   13.68497      0.943429    0.005067        0
     2   13.74545      0.956716    0.005138        0
     2   13.80593      0.960217    0.005178        0
     2   13.86642      0.965073    0.005239        0
     2   13.92690      0.970449    0.005307        0
     2   13.98738      0.977988    0.005395        0
     2   14.04787      0.986973    0.005650        0
     2   14.10835      0.980890    0.005758        0
     2   14.16884      0.977677    0.006042        0
     2   14.22932      0.973941    0.005790      128
     4   20.75883      1.437070    0.009235        0
     4   20.92818      1.456205    0.008026        0
     4   21.09753      1.453353    0.007507        0
     4   21.26689      1.443939    0.008166        0
     4   21.43624      1.455947    0.007754        0
     4   21.60560      1.451834    0.006884        0
     4   21.77495      1.437213    0.007529        0
     4   21.94430      1.445167    0.008030        0
     4   22.11366      1.436461    0.007125        0
     4   22.28301      1.445689    0.006749        0
     4   22.45236      1.434953    0.007312        0
     4   22.62172      1.435253    0.007675        0
     4   22.79107      1.446127    0.006950        0
     4   22.96043      1.457431    0.006038        0
     4   23.12978      1.469063    0.006158        0
     4   23.29913      1.455601    0.006734        0
     4   23.46849      1.484294    0.006735        0
     4   23.63784      1.488469    0.006077        0
     4   23.80719      1.470770    0.005491        0
     4   23.97655      1.462341    0.005662        0
     4   24.14590      1.454782    0.006095        0
     4   24.31526      1.400669    0.006319        0
     4   24.48461      1.392624    0.006086        0
     4   24.65396      1.450385    0.005984        0
     4   24.82332      1.454207    0.006383        0
     4   24.99267      1.467741    0.006801        0
     4   25.16202      1.473199    0.006666        0
     4   25.33138      1.448838    0.006362        0
     4   25.50073      1.419114    0.006054        0
     4   25.67009      1.450023    0.006575        0
     4   25.83944      1.460149    0.007081        0
     4   26.00879      1.469835    0.007284        0
     4   26.17815      1.437756    0.006925        0
     4   26.34750      1.437274    0.006124        0
     4   26.51685      1.443587    0.005788        0
     4   26.68621      1.454467    0.006123        0
     4   26.85556      1.459328    0.006274        0
     4   27.02492      1.466087    0.006324        0
     4   27.19427      1.471579    0.006261        0
     4   27.36362      1.489885    0.006061        0
     4   27.53298      1.482768    0.006004        0
     4   27.70233      1.471253    0.006235        0
     4   27.87168      1.474178    0.006927        0
     4   28.04104      1.492158    0.007723        0
     4   28.21039      1.515776    0.008366        0
     4   28.37975      1.496713    0.008127        0
     4   28.54910      1.468885    0.007547        0
     4   28.71845      1.449318    0.007336        0
     4   28.88781      1.451714    0.007466        0
     4   29.05716      1.465661    0.007970        0
     4   29.22651      1.445666    0.008103        0
     4   29.39587      1.464590    0.008011        0
     4   29.56522      1.425814    0.007531        0
     4   29.73458      1.431375    0.007010        0
     4   29.90393      1.439807    0.006676        0
     4   30.07328      1.423608    0.006481        0
     4   30.24264      1.434987    0.006831        0
     4   30.41199      1.443659    0.007597        0
     4   30.58134      1.420179    0.008421        0
     4   30.75070      1.454504    0.009173        0
     4   30.92005      1.461770    0.010049        0
     4   31.08941      1.447116    0.010453        0
     4   31.25876      1.440005    0.010716        0
     4   31.42811      1.412416    0.010552        0
     4   31.59747      1.427447    0.010657        0
     4   31.76682      1.449003    0.010250        0
     4   31.93617      1.457045    0.010462        0
     4   32.10553      1.469158    0.010475        0
     4   32.27488      1.499553    0.010498        0
     4   32.44424      1.524598    0.010518        0
     4   32.61359      1.531434    0.010518        0
     4   32.78294      1.507819    0.010555        0
     4   32.95230      1.515178    0.011070        0
     4   33.12165      1.586473    0.012084        0
     4   33.29100      1.603111    0.014180        0
     4   33.46036      1.609777    0.015840        0
     4   33.62971      1.555665    0.017811        0
     4   33.79907      1.606767    0.018932        0
     4   33.96842      1.639474    0.018702        0
     4   34.13777      1.524627    0.017013        0
     4   34.30713      1.531046    0.016847        0
     4   34.47648      1.554691    0.015362        0
     4   34.64583      1.565357    0.014932        0
     4   34.81519      1.573303    0.015402        0
     4   34.98454      1.561310    0.016062        0
     4   35.15390      1.531447    0.017035        0
     4   35.32325      1.516009    0.019178        0
     4   35.49260      1.541842    0.023854        0
     4   35.66196      1.562489    0.026389        0
     4   35.83131      1.552961    0.029971        0
     4   36.00066      1.520227    0.029919        0
     4   36.17002      1.537728    0.029178        0
     4   36.33937      1.485222    0.030192        0
     4   36.50873      1.436999    0.026868        0
     4   36.67808      1.468518    0.026574        0
     4   36.84743      1.465836    0.026725        0
     4   37.01679      1.468110    0.028450        0
     4   37.18614      1.530044    0.032947        0
     4   37.35549      1.383189    0.038647        0
     4   37.52485      1.267796    0.037928        0
     4   37.69420      1.685769    0.053287        0
     4   37.86356      1.593614    0.069132        0
