     1    5.21725      0.392072    0.006887        0
     1    5.24749      0.385285    0.006778        0
     1    5.27773      0.390823    0.006840        0
     1    5.30797      0.383171    0.006360        0
     1    5.33821      0.388333    0.006124        0
     1    5.36846      0.385358    0.006077        0
     1    5.39870      0.386250    0.006101        0
     1    5.42894      0.390121    0.005976        0
     1    5.45918      0.384567    0.005672        0
     1    5.48942      0.379067    0.005440        0
     1    5.51967      0.376982    0.005385        0
     1    5.54991      0.378373    0.005492        0
     1    5.58015      0.379590    0.005577        0
     1    5.61039      0.377614    0.005614        0
     1    5.64063      0.375808    0.005557        0
     1    5.67088      0.377425    0.005491        0
     1    5.70112      0.379059    0.006328        0
     1    5.73136      0.377676    0.005532        0
     1    5.76160      0.378730    0.005601        0
     1    5.79184      0.377613    0.005773        0
     1    5.82209      0.373383    0.005622        0
     1    5.85233      0.382387    0.005618        0
     1    5.88257      0.393414    0.005600        0
     1    5.91281      0.385725    0.005540        0
     1    5.94305      0.379401    0.005555        0
     1    5.97330      0.369437    0.005500        0
     1    6.00354      0.369471    0.005477        0
     1    6.03378      0.381382    0.005549        0
     1    6.06402      0.375344    0.005414        0
     1    6.09426      0.378622    0.005443        0
     1    6.12451      0.375687    0.005458        0
     1    6.15475      0.381095    0.005526        0
     1    6.18499      0.378827    0.005475        0
     1    6.21523      0.379884    0.005550        0
     1    6.24547      0.368633    0.005567        0
     1    6.27572      0.360870    0.005646        0
     1    6.30596      0.365413    0.005846        0
     1    6.33620      0.367034    0.006134        0
     1    6.36644      0.373984    0.006311        0
     1    6.39668      0.378701    0.006359        0
     1    6.42693      0.384694    0.006307        0
     1    6.45717      0.384401    0.006267        0
     1    6.48741      0.395420    0.006381        0
     1    6.51765      0.381580    0.006494        0
     1    6.54789      0.388832    0.006785        0
     1    6.57814      0.408381    0.007089        0
     1    6.60838      0.433748    0.007289        0
     1    6.63862      0.416133    0.006965        0
     1    6.66886      0.387875    0.006580        0
     1    6.69910      0.382044    0.006495        0
     1    6.72935      0.379425    0.006491        0
     1    6.75959      0.381796    0.006706        0
     1    6.78983      0.380146    0.006945        0
     1    6.82007      0.384270    0.007154        0
     1    6.85031      0.394442    0.007376        0
     1    6.88056      0.381688    0.007363        0
     1    6.91080      0.390567    0.007554        0
     1    6.94104      0.391628    0.007786        0
     1    6.97128      0.383984    0.008044        0
     1    7.00152      0.386306    0.008301        0
     1    7.03177      0.386300    0.008306        0
     1    7.06201      0.388404    0.008171        0
     1    7.09225      0.385890    0.007961        0
     1    7.12249      0.387904    0.007609        0
     1    7.15273      0.387015    0.007425        0
     1    7.18298      0.383588    0.007437        0
     1    7.21322      0.381864    0.007622        0
     1    7.24346      0.377346    0.007804        0
     1    7.27370      0.379262    0.008195        0
     1    7.30394      0.396342    0.008280        0
     1    7.33419      0.391517    0.008260        0
     1    7.36443      0.384742    0.008228        0
     1    7.39467      0.387387    0.008307        0
     1    7.42491      0.397357    0.008392        0
     1    7.45515      0.418535    0.008790        0
     1    7.48540      0.398340    0.008899        0
     1    7.51564      0.388599    0.009260        0
     1    7.54588      0.378363    0.009817        0
     2    7.57612      0.411692    0.006232        0
     2    7.63660      0.400979    0.005868        0
     2    7.69709      0.396858    0.005523        0
     2    7.75757      0.406344    0.005207        0
     2    7.81805      0.412428    0.005088        0
     2    7.87854      0.415699    0.005038        0
     2    7.93902      0.410756    0.004947        0
     2    7.99951      0.410687    0.004787        0
     2    8.05999      0.413382    0.004637        0
     2    8.12047      0.414351    0.004566        0
     2    8.18096      0.415124    0.004574        0
     2    8.24144      0.415284    0.004567        0
     2    8.30192      0.415182    0.004628        0
     2    8.36241      0.416320    0.004523        0
     2    8.42289      0.416042    0.004428        0
     2    8.48337      0.414238    0.004457        0
     2    8.54386      0.411792    0.004549        0
     2    8.60434      0.421838    0.004646        0
     2    8.66483      0.423880    0.004634        0
     2    8.72531      0.415334    0.004606        0
     2    8.78579      0.413633    0.004528        0
     2    8.84628      0.418087    0.004568        0
     2    8.90676      0.404632    0.004586        0
     2    8.96724      0.413056    0.004619        0
     2    9.02773      0.412120    0.004669        0
     2    9.08821      0.407227    0.004606        0
     2    9.14869      0.408020    0.004547        0
     2    9.20918      0.403560    0.004508        0
     2    9.26966      0.408593    0.004550        0
     2    9.33015      0.402641    0.004543        0
     2    9.39063      0.409022    0.004617        0
     2    9.45111      0.411072    0.004643        0
     2    9.51160      0.408965    0.004596        0
     2    9.57208      0.410682    0.004533        0
     2    9.63256      0.416131    0.004418        0
     2    9.69305      0.418735    0.004270        0
     2    9.75353      0.415852    0.002595    12288
     2    9.81401      0.418686    0.002558    12288
     2    9.87450      0.422917    0.004045        0
     2    9.93498      0.421276    0.003938        0
     2    9.99547      0.426925    0.003908        0
     2   10.05595      0.430598    0.003846        0
     2   10.11643      0.434623    0.003782        0
     2   10.17692      0.435124    0.003752        0
     2   10.23740      0.432531    0.003755        0
     2   10.29788      0.436915    0.003794        0
     2   10.35837      0.441767    0.003851        0
     2   10.41885      0.443740    0.003905        0
     2   10.47933      0.450906    0.003970        0
     2   10.53982      0.458090    0.004001        0
     2   10.60030      0.456746    0.004057        0
     2   10.66079      0.458616    0.004077        0
     2   10.72127      0.459523    0.004145        0
     2   10.78175      0.463657    0.004273        0
     2   10.84224      0.466958    0.004365        0
     2   10.90272      0.469145    0.004528        0
     2   10.96320      0.480197    0.004705        0
     2   11.02369      0.485416    0.004814        0
     2   11.08417      0.482744    0.004903        0
     2   11.14465      0.490978    0.005051        0
     2   11.20514      0.486338    0.005116        0
     2   11.26562      0.495432    0.005143        0
     2   11.32611      0.498957    0.005142        0
     2   11.38659      0.494159    0.005106        0
     2   11.44707      0.483620    0.005104        0
     2   11.50756      0.484666    0.005156        0
     2   11.56804      0.485668    0.005245        0
     2   11.62852      0.483377    0.005276        0
     2   11.68901      0.492143    0.005287        0
     2   11.74949      0.483469    0.005317        0
     2   11.80997      0.474677    0.005323        0
     2   11.87046      0.467931    0.005250        0
     2   11.93094      0.480430    0.005242        0
     2   11.99143      0.486000    0.005208        0
     2   12.05191      0.480997    0.005201        0
     2   12.11239      0.481235    0.005218        0
     2   12.17288      0.470691    0.005137        0
     2   12.23336      0.476930    0.005121        0
     2   12.29384      0.485712    0.005136        0
     2   12.35433      0.486707    0.005109        0
     2   12.41481      0.493259    0.005130        0
     2   12.47529      0.501692    0.005004        0
     2   12.53578      0.506027    0.004972        0
     2   12.59626      0.501110    0.004897        0
     2   12.65675      0.495891    0.004870        0
     2   12.71723      0.500907    0.004920        0
     2   12.77771      0.505073    0.004989        0
     2   12.83820      0.506547    0.005026        0
     2   12.89868      0.500371    0.005138        0
     2   12.95916      0.496540    0.005207        0
     2   13.01965      0.506031    0.005338        0
     2   13.08013      0.508765    0.005524        0
     2   13.14061      0.499808    0.005680        0
     2   13.20110      0.510939    0.004650    12288
     2   13.26158      0.519660    0.004823    12288
     2   13.32206      0.514697    0.006197        0
     2   13.38255      0.522377    0.006364        0
     2   13.44303      0.538062    0.006610        0
     2   13.50352      0.531017    0.006645        0
     2   13.56400      0.524170    0.006678        0
     2   13.62448      0.546902    0.006753        0
     2   13.68497      0.567167    0.006932        0
     2   13.74545      0.550512    0.006913        0
     2   13.80593      0.546638    0.006949        0
     2   13.86642      0.562237    0.007086        0
     2   13.92690      0.575421    0.005222    12288
     2   13.98738      0.603592    0.005457    12288
     2   14.04787      0.590478    0.007650        0
     2   14.10835      0.579468    0.007700        0
     2   14.16884      0.584129    0.007884        0
     2   14.22932      0.558903    0.007926      128
     3   14.32338      0.622115    0.006575        0
     3   14.40806      0.638028    0.006398        0
     3   14.49274      0.651662    0.006401        0
     3   14.57741      0.647168    0.006596        0
     3   14.66209      0.633441    0.004567    12288
     3   14.74677      0.636054    0.004826    12288
     3   14.83145      0.653820    0.007845        0
     3   14.91612      0.699948    0.008104        0
     3   15.00080      0.708209    0.007780        0
     3   15.08548      0.650294    0.007300        0
     3   15.17015      0.655663    0.007168        0
     3   15.25483      0.654675    0.006788        0
     3   15.33951      0.655305    0.006365        0
     3   15.42418      0.654808    0.005839        0
     3   15.50886      0.663062    0.005703        0
     3   15.59354      0.678094    0.005813        0
     3   15.67821      0.693959    0.005763        0
     3   15.76289      0.702601    0.006135        0
     3   15.84757      0.699325    0.006869        0
     3   15.93224      0.699140    0.007845        0
     3   16.01692      0.734355    0.008691        0
     3   16.10160      0.734696    0.008875        0
     3   16.18628      0.726595    0.009102        0
     3   16.27095      0.738688    0.009440        0
     3   16.35563      0.719561    0.008928        0
     3   16.44031      0.721437    0.008124        0
     3   16.52498      0.726385    0.007514        0
     3   16.60966      0.758082    0.007262        0
     3   16.69434      0.750115    0.007330        0
     3   16.77901      0.736450    0.007629        0
     3   16.86369      0.757405    0.008118        0
     3   16.94837      0.762478    0.008511        0
     3   17.03304      0.753025    0.008807        0
     3   17.11772      0.779930    0.009104        0
     3   17.20240      0.799813    0.009250        0
     3   17.28707      0.778285    0.009442        0
     3   17.37175      0.796288    0.009523        0
     3   17.45643      0.783246    0.008961        0
     3   17.54111      0.797650    0.008217        0
     3   17.62578      0.804485    0.007900        0
     3   17.71046      0.802050    0.008034        0
     3   17.79514      0.794080    0.008246        0
     3   17.87981      0.803918    0.008755        0
     3   17.96449      0.820215    0.009291        0
     3   18.04917      0.816912    0.009777        0
     3   18.13384      0.821681    0.010415        0
     3   18.21852      0.847333    0.011158        0
     3   18.30320      0.844372    0.011319        0
     3   18.38787      0.853941    0.011602        0
     3   18.47255      0.841798    0.011516        0
     3   18.55723      0.883373    0.011143        0
     3   18.64190      0.879015    0.010710        0
     3   18.72658      0.867784    0.010349        0
     3   18.81126      0.874325    0.010216        0
     3   18.89594      0.893251    0.010216        0
     3   18.98061      0.906387    0.010512        0
     3   19.06529      0.905697    0.011210        0
     3   19.14997      0.890461    0.012515        0
     3   19.23464      0.905658    0.014064        0
     3   19.31932      0.932326    0.015325        0
     3   19.40400      0.937411    0.015843        0
     3   19.48867      0.906245    0.015335        0
     3   19.57335      0.908536    0.015317        0
     3   19.65803      0.931018    0.014757        0
     3   19.74270      0.909221    0.013982        0
     3   19.82738      0.926449    0.013513        0
     3   19.91206      0.938273    0.012949        0
     3   19.99673      0.893458    0.013011        0
     3   20.08141      0.864153    0.013754        0
     3   20.16609      0.901868    0.013646        0
     3   20.25077      0.917734    0.014735        0
     3   20.33544      0.932621    0.016295        0
     3   20.42012      0.909311    0.018434        0
     3   20.50480      0.914807    0.017804        0
     3   20.58947      0.920025    0.018945        0
     4   20.75883      0.954465    0.011122    12288
     4   20.92818      0.956525    0.009287    12288
     4   21.09753      0.988488    0.010623        0
     4   21.26689      0.980168    0.011902        0
     4   21.43624      0.986004    0.011235        0
     4   21.60560      0.986436    0.009736        0
     4   21.77495      1.013078    0.010627        0
     4   21.94430      1.023686    0.011671        0
     4   22.11366      1.004610    0.010137        0
     4   22.28301      1.026280    0.009340        0
     4   22.45236      1.033188    0.010089        0
     4   22.62172      1.034545    0.010834        0
     4   22.79107      1.026722    0.009753        0
     4   22.96043      1.052445    0.008452        0
     4   23.12978      1.083325    0.008691        0
     4   23.29913      1.042523    0.010400        0
     4   23.46849      1.077453    0.009628        0
     4   23.63784      1.113050    0.008706        0
     4   23.80719      1.126218    0.007887        0
     4   23.97655      1.118594    0.008053        0
     4   24.14590      1.085379    0.008776        0
     4   24.31526      1.035366    0.009078        0
     4   24.48461      1.042010    0.008808        0
     4   24.65396      1.102902    0.008508        0
     4   24.82332      1.117628    0.009210        0
     4   24.99267      1.130061    0.010075        0
     4   25.16202      1.133396    0.010485        0
     4   25.33138      1.117427    0.009040        0
     4   25.50073      1.105626    0.008917        0
     4   25.67009      1.116905    0.009540        0
     4   25.83944      1.114732    0.010498        0
     4   26.00879      1.125415    0.010653        0
     4   26.17815      1.094231    0.010081        0
     4   26.34750      1.085230    0.009020        0
     4   26.51685      1.137830    0.008576        0
     4   26.68621      1.164493    0.008924        0
     4   26.85556      1.153557    0.009293        0
     4   27.02492      1.154914    0.009471        0
     4   27.19427      1.155082    0.009397        0
     4   27.36362      1.167060    0.008953        0
     4   27.53298      1.186031    0.008881        0
     4   27.70233      1.177319    0.009321        0
     4   27.87168      1.183438    0.010427        0
     4   28.04104      1.183526    0.011758        0
     4   28.21039      1.196519    0.012969        0
     4   28.37975      1.201358    0.012287        0
     4   28.54910      1.198428    0.011468        0
     4   28.71845      1.172286    0.010957        0
     4   28.88781      1.169679    0.011404        0
     4   29.05716      1.184553    0.012132        0
     4   29.22651      1.180917    0.012646        0
     4   29.39587      1.178557    0.012347        0
     4   29.56522      1.153457    0.011964        0
     4   29.73458      1.161796    0.011165        0
     4   29.90393      1.185304    0.010327        0
     4   30.07328      1.171540    0.010070        0
     4   30.24264      1.173506    0.010597        0
     4   30.41199      1.184893    0.011859        0
     4   30.58134      1.194989    0.013060        0
     4   30.75070      1.206324    0.014531        0
     4   30.92005      1.207851    0.015857        0
     4   31.08941      1.187729    0.016907        0
     4   31.25876      1.157552    0.017422        0
     4   31.42811      1.135664    0.016891        0
     4   31.59747      1.067356    0.017953        0
     4   31.76682      1.160543    0.017036        0
     4   31.93617      1.166854    0.017063        0
     4   32.10553      1.198986    0.017395        0
     4   32.27488      1.245096    0.018505        0
     4   32.44424      1.264585    0.018311        0
     4   32.61359      1.290399    0.017750        0
     4   32.78294      1.311984    0.017719        0
     4   32.95230      1.329942    0.018563        0
     4   33.12165      1.356194    0.020660        0
     4   33.29100      1.387085    0.023840        0
     4   33.46036      1.423786    0.027574        0
     4   33.62971      1.369374    0.031636        0
     4   33.79907      1.375201    0.033454        0
     4   33.96842      1.351997    0.034448        0
     4   34.13777      1.293696    0.030931        0
     4   34.30713      1.258090    0.029591        0
     4   34.47648      1.296639    0.027755        0
     4   34.64583      1.290277    0.027284        0
     4   34.81519      1.283008    0.029015        0
     4   34.98454      1.304854    0.030773        0
     4   35.15390      1.313516    0.031736        0
     4   35.32325      1.297073    0.035651        0
     4   35.49260      1.300263    0.044848        0
     4   35.66196      1.292242    0.054134        0
     4   35.83131      1.246982    0.066027        0
     4   36.00066      1.467497    0.061305        0
     4   36.17002      1.343616    0.059405        0
     4   36.33937      1.261721    0.058691        0
     4   36.50873      1.262604    0.055407        0
     4   36.67808      1.199874    0.054415        0
     4   36.84743      1.180157    0.053791        0
     4   37.01679      1.297334    0.058615        0
     4   37.18614      1.394508    0.071118        0
     4   37.35549      1.139593    0.081552        0
     4   37.52485      1.159416    0.085488        0
     4   37.69420      1.358922    0.114055        0
     4   37.86356      1.317045    0.150272        0
