0.6515	0.0016		0		0.3	Wilking05
0.7981	0.0061		0		0.3	Wilking05
1.235	0.0796		0.0019		0.02	2MASS
1.662	0.2112		0.0047		0.02	2MASS
2.159	0.2744		0.0068		0.02	2MASS	
3.3526	0.3304		0.0085		0.02	WISE
3.550	0.282		0.0192		0.02	C2D
4.493	0.284		0.0150		0.02	C2D
4.6028	0.3583		0.0069		0.03	WISE
5.731	0.333		0.0199		0.02	C2D
7.872	0.427		0.0204		0.02	C2D
9.	0.4845		0.0171		0.10	AKARI
11.561	0.4790		0.0057		0.05	WISE
18.	0.9701		0.0337		0.10	AKARI
22.088	1.1025		0.0183		0.06	WISE
23.68	1.140		0.1060		0.05	C2D
70.	1.8596		0.0053		0.20	Herschel
71.44	1.310		0.142		0.10	C2D
100.	2.3163		0.0911 		0.20	Herschel
160.	2.3369		0.5829		0.25	Herschel
872.8	0.1519		0.0025		0.10	Cox17
881.9   0.1405          0.0032          0.10    Andrews10
1250.   0.039           0.01            0.20    Stanke06
3300.	0.0102		0.0005		0.10	Ricci10
