1.0000e+00 1.7693e-03 3.4944e-05
2.0000e+00 1.6428e-03 5.7037e-05
3.0000e+00 1.4626e-03 6.7600e-05
4.0000e+00 1.2447e-03 7.8006e-05
5.0000e+00 9.9976e-04 8.1377e-05
6.0000e+00 7.5536e-04 7.8041e-05
7.0000e+00 5.5806e-04 6.6732e-05
8.0000e+00 4.3027e-04 5.3579e-05
9.0000e+00 4.0838e-04 5.5207e-05
1.0000e+01 4.8673e-04 6.9754e-05
1.1000e+01 6.2043e-04 8.1666e-05
1.2000e+01 7.5781e-04 8.3199e-05
1.3000e+01 8.5596e-04 7.7540e-05
1.4000e+01 8.9762e-04 6.9456e-05
1.5000e+01 8.8353e-04 6.0909e-05
1.6000e+01 8.3824e-04 5.1364e-05
1.7000e+01 7.8807e-04 3.9502e-05
1.8000e+01 7.4452e-04 3.3155e-05
1.9000e+01 7.0534e-04 4.0108e-05
2.0000e+01 6.6150e-04 4.5342e-05
2.1000e+01 6.1071e-04 4.4478e-05
2.2000e+01 5.6329e-04 3.8567e-05
2.3000e+01 5.3113e-04 3.0654e-05
2.4000e+01 5.2611e-04 2.7829e-05
2.5000e+01 5.4236e-04 3.0767e-05
2.6000e+01 5.6435e-04 3.1635e-05
2.7000e+01 5.8036e-04 3.3373e-05
2.8000e+01 5.8249e-04 3.2463e-05
2.9000e+01 5.7492e-04 2.8953e-05
3.0000e+01 5.5885e-04 2.6081e-05
3.1000e+01 5.3752e-04 2.5318e-05
3.2000e+01 5.1442e-04 2.5757e-05
3.3000e+01 4.9448e-04 2.6844e-05
3.4000e+01 4.7985e-04 2.5664e-05
3.5000e+01 4.7350e-04 2.4357e-05
3.6000e+01 4.7506e-04 2.4594e-05
3.7000e+01 4.8025e-04 2.5698e-05
3.8000e+01 4.8382e-04 2.6341e-05
3.9000e+01 4.8297e-04 2.5720e-05
4.0000e+01 4.7697e-04 2.5026e-05
4.1000e+01 4.6424e-04 2.4374e-05
4.2000e+01 4.4890e-04 2.3884e-05
4.3000e+01 4.3089e-04 2.4892e-05
4.4000e+01 4.1099e-04 2.5662e-05
4.5000e+01 3.8930e-04 2.5966e-05
4.6000e+01 3.6504e-04 2.4733e-05
4.7000e+01 3.3785e-04 2.4328e-05
4.8000e+01 3.0952e-04 2.4595e-05
4.9000e+01 2.8052e-04 2.4789e-05
5.0000e+01 2.5081e-04 2.5426e-05
5.1000e+01 2.1942e-04 2.5239e-05
5.2000e+01 1.8597e-04 2.4473e-05
5.3000e+01 1.5201e-04 2.3679e-05
5.4000e+01 1.1787e-04 2.2857e-05
5.5000e+01 8.6443e-05 2.2241e-05
5.6000e+01 5.9877e-05 2.2454e-05
5.7000e+01 3.7850e-05 2.4370e-05
5.8000e+01 2.1986e-05 2.4066e-05
5.9000e+01 1.1393e-05 2.1760e-05
6.0000e+01 7.0954e-06 1.9756e-05
6.1000e+01 6.8254e-06 2.0458e-05
6.2000e+01 9.9056e-06 2.2139e-05
6.3000e+01 1.5804e-05 2.2436e-05
6.4000e+01 2.2451e-05 2.2278e-05
6.5000e+01 3.0522e-05 2.2392e-05
6.6000e+01 4.0729e-05 2.4037e-05
6.7000e+01 5.4831e-05 2.5792e-05
6.8000e+01 7.4971e-05 2.7796e-05
6.9000e+01 1.0266e-04 2.9999e-05
7.0000e+01 1.3748e-04 3.1474e-05
7.1000e+01 1.7263e-04 3.1410e-05
7.2000e+01 2.0295e-04 3.0179e-05
7.3000e+01 2.2445e-04 2.9710e-05
7.4000e+01 2.3406e-04 2.8075e-05
7.5000e+01 2.2989e-04 2.6149e-05
7.6000e+01 2.1121e-04 2.5961e-05
7.7000e+01 1.8050e-04 2.6232e-05
7.8000e+01 1.4545e-04 2.6503e-05
7.9000e+01 1.1282e-04 2.6164e-05
8.0000e+01 8.5323e-05 2.4464e-05
8.1000e+01 6.3952e-05 2.2762e-05
8.2000e+01 4.7475e-05 2.1782e-05
8.3000e+01 3.4264e-05 2.1441e-05
8.4000e+01 2.5321e-05 2.1515e-05
8.5000e+01 2.0151e-05 2.1315e-05
8.6000e+01 1.7532e-05 2.1495e-05
8.7000e+01 1.4818e-05 2.1637e-05
8.8000e+01 1.1446e-05 2.1379e-05
8.9000e+01 8.8400e-06 2.1137e-05
9.0000e+01 7.8098e-06 2.0981e-05
9.1000e+01 9.4958e-06 2.0796e-05
9.2000e+01 1.2988e-05 2.0882e-05
9.3000e+01 1.5941e-05 2.1274e-05
9.4000e+01 1.8094e-05 2.1025e-05
9.5000e+01 1.8825e-05 1.9485e-05
9.6000e+01 1.8868e-05 1.8605e-05
9.7000e+01 1.9238e-05 1.9547e-05
9.8000e+01 1.9202e-05 2.0527e-05
9.9000e+01 1.8333e-05 2.0668e-05
1.0000e+02 1.5761e-05 1.9518e-05
1.0100e+02 1.2210e-05 1.9282e-05
1.0200e+02 8.5556e-06 1.9894e-05
1.0300e+02 5.9305e-06 1.9902e-05
1.0400e+02 4.4030e-06 2.0284e-05
1.0500e+02 3.4470e-06 2.0186e-05
1.0600e+02 3.3750e-06 2.0815e-05
1.0700e+02 3.7062e-06 2.1421e-05
1.0800e+02 5.8306e-06 2.2452e-05
1.0900e+02 9.8405e-06 2.2695e-05
1.1000e+02 1.5145e-05 2.2042e-05
1.1100e+02 2.2823e-05 2.1209e-05
1.1200e+02 3.4182e-05 2.2114e-05
1.1300e+02 5.0191e-05 2.3260e-05
1.1400e+02 7.0174e-05 2.3768e-05
1.1500e+02 9.4699e-05 2.4429e-05
1.1600e+02 1.2184e-04 2.6000e-05
1.1700e+02 1.4836e-04 2.6591e-05
1.1800e+02 1.7013e-04 2.5901e-05
1.1900e+02 1.8523e-04 2.4700e-05
1.2000e+02 1.9115e-04 2.3450e-05
1.2100e+02 1.8771e-04 2.3023e-05
1.2200e+02 1.7738e-04 2.3137e-05
1.2300e+02 1.6177e-04 2.4568e-05
1.2400e+02 1.4368e-04 2.5347e-05
1.2500e+02 1.2431e-04 2.4683e-05
1.2600e+02 1.0581e-04 2.3204e-05
1.2700e+02 8.9970e-05 2.1856e-05
1.2800e+02 7.6828e-05 2.1194e-05
1.2900e+02 6.5579e-05 2.1050e-05
1.3000e+02 5.6121e-05 2.1189e-05
1.3100e+02 4.8500e-05 2.1532e-05
1.3200e+02 4.2088e-05 2.2024e-05
1.3300e+02 3.7499e-05 2.2208e-05
1.3400e+02 3.4868e-05 2.1566e-05
1.3500e+02 3.4100e-05 2.1237e-05
1.3600e+02 3.3815e-05 2.0733e-05
1.3700e+02 3.2778e-05 2.0181e-05
1.3800e+02 3.2028e-05 1.9550e-05
1.3900e+02 3.2740e-05 1.9105e-05
1.4000e+02 3.4374e-05 1.8773e-05
1.4100e+02 3.5449e-05 1.8878e-05
1.4200e+02 3.5500e-05 1.8640e-05
1.4300e+02 3.4092e-05 1.8227e-05
1.4400e+02 3.1594e-05 1.7821e-05
1.4500e+02 2.9004e-05 1.7983e-05
1.4600e+02 2.7272e-05 1.8707e-05
1.4700e+02 2.5486e-05 1.9768e-05
1.4800e+02 2.3457e-05 2.0491e-05
1.4900e+02 2.1093e-05 2.0354e-05
1.5000e+02 1.9591e-05 2.0893e-05
1.5100e+02 1.8060e-05 2.0733e-05
1.5200e+02 1.5920e-05 1.9606e-05
1.5300e+02 1.3668e-05 1.8723e-05
1.5400e+02 1.1696e-05 1.9198e-05
1.5500e+02 1.0571e-05 1.9683e-05
1.5600e+02 9.9675e-06 2.0117e-05
1.5700e+02 9.0964e-06 2.0558e-05
1.5800e+02 7.5496e-06 1.9551e-05
1.5900e+02 5.8218e-06 1.9014e-05
1.6000e+02 4.4228e-06 1.9049e-05
1.6100e+02 4.2690e-06 1.9028e-05
1.6200e+02 4.7533e-06 1.8745e-05
1.6300e+02 5.9157e-06 1.8750e-05
1.6400e+02 6.5848e-06 1.9306e-05
1.6500e+02 6.4696e-06 1.9559e-05
1.6600e+02 6.0557e-06 1.9764e-05
1.6700e+02 5.6932e-06 1.9303e-05
1.6800e+02 5.3593e-06 1.9167e-05
1.6900e+02 4.7109e-06 1.9070e-05
1.7000e+02 3.3646e-06 1.8805e-05
1.7100e+02 2.4048e-06 1.9172e-05
1.7200e+02 2.0224e-06 1.9759e-05
1.7300e+02 2.2740e-06 1.9578e-05
1.7400e+02 2.3927e-06 1.9054e-05
1.7500e+02 2.0938e-06 1.8613e-05
1.7600e+02 1.2770e-06 1.9260e-05
1.7700e+02 2.3916e-07 2.0009e-05
1.7800e+02 -1.0328e-06 2.0518e-05
1.7900e+02 -1.4623e-06 2.1293e-05
1.8000e+02 -4.8721e-07 2.1249e-05
1.8100e+02 4.2316e-07 2.0503e-05
1.8200e+02 5.5112e-07 1.9490e-05
1.8300e+02 4.8203e-07 1.9090e-05
1.8400e+02 4.4134e-07 1.9464e-05
1.8500e+02 -4.5650e-08 1.9567e-05
1.8600e+02 -3.5128e-07 1.9707e-05
1.8700e+02 -2.5892e-07 1.9901e-05
1.8800e+02 -1.3817e-07 2.0249e-05
1.8900e+02 -7.5529e-08 1.9687e-05
1.9000e+02 4.2363e-07 1.9476e-05
1.9100e+02 9.1084e-07 1.9660e-05
1.9200e+02 8.8462e-07 1.9068e-05
1.9300e+02 -1.0099e-08 1.8862e-05
1.9400e+02 -5.5505e-07 1.9238e-05
1.9500e+02 3.0682e-09 1.9479e-05
1.9600e+02 6.9488e-07 1.8597e-05
1.9700e+02 1.1226e-06 1.8377e-05
1.9800e+02 9.4587e-07 1.8876e-05
1.9900e+02 7.1984e-07 1.9381e-05
2.0000e+02 6.6407e-07 1.9300e-05
