1.0000e+00 1.2828e-03 1.0846e-05
2.0000e+00 1.2085e-03 2.8412e-05
3.0000e+00 1.1026e-03 3.5420e-05
4.0000e+00 1.0025e-03 3.6836e-05
5.0000e+00 9.1703e-04 2.5527e-05
6.0000e+00 8.6674e-04 2.4368e-05
7.0000e+00 8.2478e-04 1.9829e-05
8.0000e+00 7.9408e-04 1.4911e-05
9.0000e+00 7.7952e-04 1.5062e-05
1.0000e+01 7.6744e-04 1.9130e-05
1.1000e+01 7.5364e-04 2.5999e-05
1.2000e+01 7.2990e-04 2.8016e-05
1.3000e+01 7.0057e-04 2.5746e-05
1.4000e+01 6.7361e-04 2.3420e-05
1.5000e+01 6.4538e-04 1.9390e-05
1.6000e+01 6.2095e-04 1.5331e-05
1.7000e+01 6.0271e-04 1.1576e-05
1.8000e+01 5.9170e-04 1.0759e-05
1.9000e+01 5.8065e-04 1.1618e-05
2.0000e+01 5.6747e-04 1.0811e-05
2.1000e+01 5.5123e-04 1.0420e-05
2.2000e+01 5.3579e-04 1.3226e-05
2.3000e+01 5.2001e-04 1.6077e-05
2.4000e+01 5.0417e-04 1.6500e-05
2.5000e+01 4.8886e-04 1.5494e-05
2.6000e+01 4.7817e-04 1.3427e-05
2.7000e+01 4.6927e-04 1.0326e-05
2.8000e+01 4.5829e-04 9.5098e-06
2.9000e+01 4.4745e-04 1.0747e-05
3.0000e+01 4.3757e-04 1.0544e-05
3.1000e+01 4.3071e-04 8.8351e-06
3.2000e+01 4.2580e-04 7.2600e-06
3.3000e+01 4.2354e-04 6.4737e-06
3.4000e+01 4.2150e-04 6.9617e-06
3.5000e+01 4.1577e-04 9.2947e-06
3.6000e+01 4.0799e-04 9.8127e-06
3.7000e+01 4.0134e-04 9.9713e-06
3.8000e+01 3.9643e-04 1.0230e-05
3.9000e+01 3.9480e-04 1.2307e-05
4.0000e+01 3.9228e-04 1.4993e-05
4.1000e+01 3.8680e-04 1.6056e-05
4.2000e+01 3.8003e-04 1.5828e-05
4.3000e+01 3.7279e-04 1.5046e-05
4.4000e+01 3.6638e-04 1.3742e-05
4.5000e+01 3.6175e-04 1.3590e-05
4.6000e+01 3.5838e-04 1.5370e-05
4.7000e+01 3.5194e-04 1.7084e-05
4.8000e+01 3.4258e-04 1.6248e-05
4.9000e+01 3.3322e-04 1.4225e-05
5.0000e+01 3.2212e-04 1.1693e-05
5.1000e+01 3.1282e-04 1.0607e-05
5.2000e+01 3.0686e-04 1.1176e-05
5.3000e+01 3.0335e-04 1.0747e-05
5.4000e+01 2.9712e-04 1.2821e-05
5.5000e+01 2.8964e-04 1.4371e-05
5.6000e+01 2.8542e-04 1.3498e-05
5.7000e+01 2.8351e-04 1.1006e-05
5.8000e+01 2.8200e-04 9.3262e-06
5.9000e+01 2.7850e-04 8.5094e-06
6.0000e+01 2.7385e-04 1.0452e-05
6.1000e+01 2.6904e-04 1.3580e-05
6.2000e+01 2.6526e-04 1.3866e-05
6.3000e+01 2.6253e-04 1.3004e-05
6.4000e+01 2.5751e-04 1.2137e-05
6.5000e+01 2.4687e-04 1.2453e-05
6.6000e+01 2.3318e-04 1.2280e-05
6.7000e+01 2.2079e-04 1.2295e-05
6.8000e+01 2.1124e-04 1.1691e-05
6.9000e+01 2.0033e-04 1.2164e-05
7.0000e+01 1.8892e-04 1.0797e-05
7.1000e+01 1.7780e-04 9.3487e-06
7.2000e+01 1.6697e-04 9.5144e-06
7.3000e+01 1.5654e-04 9.5051e-06
7.4000e+01 1.4744e-04 1.0677e-05
7.5000e+01 1.4127e-04 1.2792e-05
7.6000e+01 1.3916e-04 1.5900e-05
7.7000e+01 1.3636e-04 1.5786e-05
7.8000e+01 1.3401e-04 1.4686e-05
7.9000e+01 1.3361e-04 1.4897e-05
8.0000e+01 1.3231e-04 1.3585e-05
8.1000e+01 1.3080e-04 1.2916e-05
8.2000e+01 1.2814e-04 1.3216e-05
8.3000e+01 1.2599e-04 1.3336e-05
8.4000e+01 1.2584e-04 1.2319e-05
8.5000e+01 1.2614e-04 1.3068e-05
8.6000e+01 1.2128e-04 1.3829e-05
8.7000e+01 1.1238e-04 1.2767e-05
8.8000e+01 1.0260e-04 1.2759e-05
8.9000e+01 9.4283e-05 1.4190e-05
9.0000e+01 8.5387e-05 1.5249e-05
9.1000e+01 7.6985e-05 1.4840e-05
9.2000e+01 6.8000e-05 1.2177e-05
9.3000e+01 5.7925e-05 1.2259e-05
9.4000e+01 4.9532e-05 1.3863e-05
9.5000e+01 4.2082e-05 1.5908e-05
9.6000e+01 3.9168e-05 1.7481e-05
9.7000e+01 3.7167e-05 1.7795e-05
9.8000e+01 3.6162e-05 2.0419e-05
9.9000e+01 3.6539e-05 2.0491e-05
1.0000e+02 4.2627e-05 1.9057e-05
1.0100e+02 5.3036e-05 1.8384e-05
1.0200e+02 6.4146e-05 1.7940e-05
1.0300e+02 7.4453e-05 1.6060e-05
1.0400e+02 8.5414e-05 1.4272e-05
1.0500e+02 9.7800e-05 1.3363e-05
1.0600e+02 1.1011e-04 1.2709e-05
1.0700e+02 1.2191e-04 1.3017e-05
1.0800e+02 1.3341e-04 1.5137e-05
1.0900e+02 1.4422e-04 2.0332e-05
1.1000e+02 1.5110e-04 2.2640e-05
1.1100e+02 1.5422e-04 2.0085e-05
1.1200e+02 1.5181e-04 1.6046e-05
1.1300e+02 1.4553e-04 1.4106e-05
1.1400e+02 1.3759e-04 1.4881e-05
1.1500e+02 1.2870e-04 1.3636e-05
1.1600e+02 1.1950e-04 1.2017e-05
1.1700e+02 1.1100e-04 1.2871e-05
1.1800e+02 1.0161e-04 1.3347e-05
1.1900e+02 9.1890e-05 1.4060e-05
1.2000e+02 8.2947e-05 1.4598e-05
1.2100e+02 7.6208e-05 1.6390e-05
1.2200e+02 7.0665e-05 1.9348e-05
1.2300e+02 6.7047e-05 2.1030e-05
1.2400e+02 6.2281e-05 1.9227e-05
1.2500e+02 5.9245e-05 1.6839e-05
1.2600e+02 5.8596e-05 1.5924e-05
1.2700e+02 5.9650e-05 1.7213e-05
1.2800e+02 6.1302e-05 1.8689e-05
1.2900e+02 6.3911e-05 1.7864e-05
1.3000e+02 6.7789e-05 1.5588e-05
1.3100e+02 7.2622e-05 1.3317e-05
1.3200e+02 7.7905e-05 1.2600e-05
1.3300e+02 8.2764e-05 1.1356e-05
1.3400e+02 8.5259e-05 1.0140e-05
1.3500e+02 8.6357e-05 1.0452e-05
1.3600e+02 8.9170e-05 1.1789e-05
1.3700e+02 9.2248e-05 1.2301e-05
1.3800e+02 9.3351e-05 1.2214e-05
1.3900e+02 9.1858e-05 1.2441e-05
1.4000e+02 8.8736e-05 1.2233e-05
1.4100e+02 8.5237e-05 1.4417e-05
1.4200e+02 8.1556e-05 1.7429e-05
1.4300e+02 7.7918e-05 1.7408e-05
1.4400e+02 7.4574e-05 1.6172e-05
1.4500e+02 6.9332e-05 1.5022e-05
1.4600e+02 6.3307e-05 1.4392e-05
1.4700e+02 5.8477e-05 1.3263e-05
1.4800e+02 5.5137e-05 1.1508e-05
1.4900e+02 5.1685e-05 1.0726e-05
1.5000e+02 4.7327e-05 1.1349e-05
1.5100e+02 4.1972e-05 1.2070e-05
1.5200e+02 3.5382e-05 1.3040e-05
1.5300e+02 2.8125e-05 1.3926e-05
1.5400e+02 2.4248e-05 1.5091e-05
1.5500e+02 2.5128e-05 1.4103e-05
1.5600e+02 2.8173e-05 1.1857e-05
1.5700e+02 2.8923e-05 1.1995e-05
1.5800e+02 2.7601e-05 1.2473e-05
1.5900e+02 2.6469e-05 1.3828e-05
1.6000e+02 2.5583e-05 1.3048e-05
1.6100e+02 2.5582e-05 1.1936e-05
1.6200e+02 2.5622e-05 1.1278e-05
1.6300e+02 2.5469e-05 1.0982e-05
1.6400e+02 2.4828e-05 1.1132e-05
1.6500e+02 2.3353e-05 1.1252e-05
1.6600e+02 2.2108e-05 1.0671e-05
1.6700e+02 2.2514e-05 1.0950e-05
1.6800e+02 2.3522e-05 1.1844e-05
1.6900e+02 2.2971e-05 1.2486e-05
1.7000e+02 2.1198e-05 1.2850e-05
1.7100e+02 1.8900e-05 1.1841e-05
1.7200e+02 1.7205e-05 1.0399e-05
1.7300e+02 1.6958e-05 1.0106e-05
1.7400e+02 1.6779e-05 1.0669e-05
1.7500e+02 1.5363e-05 1.1863e-05
1.7600e+02 1.4334e-05 1.2416e-05
1.7700e+02 1.3841e-05 1.1944e-05
1.7800e+02 1.3762e-05 1.1509e-05
1.7900e+02 1.4582e-05 1.1506e-05
1.8000e+02 1.4411e-05 1.0644e-05
1.8100e+02 1.3359e-05 9.5440e-06
1.8200e+02 1.1326e-05 1.0167e-05
1.8300e+02 9.1043e-06 1.1532e-05
1.8400e+02 6.9200e-06 1.2217e-05
1.8500e+02 5.2677e-06 1.2522e-05
1.8600e+02 4.9454e-06 1.2274e-05
1.8700e+02 5.6742e-06 1.1513e-05
1.8800e+02 5.5040e-06 1.0290e-05
1.8900e+02 5.1736e-06 1.2025e-05
1.9000e+02 4.8129e-06 1.4199e-05
1.9100e+02 5.0302e-06 1.4229e-05
1.9200e+02 5.3482e-06 1.2660e-05
1.9300e+02 4.4042e-06 1.1088e-05
1.9400e+02 2.9649e-06 1.1701e-05
1.9500e+02 1.6200e-06 1.1764e-05
1.9600e+02 1.1569e-06 1.1981e-05
1.9700e+02 1.2989e-06 1.2773e-05
1.9800e+02 2.7671e-06 1.2591e-05
1.9900e+02 3.1407e-06 1.2254e-05
2.0000e+02 1.9596e-06 1.3271e-05
