1.0000e+00 1.7453e-03 1.0006e-04
2.0000e+00 1.5184e-03 1.5097e-04
3.0000e+00 1.2462e-03 1.4421e-04
4.0000e+00 1.0100e-03 1.0950e-04
5.0000e+00 8.2911e-04 7.8698e-05
6.0000e+00 7.1109e-04 5.9491e-05
7.0000e+00 6.2900e-04 4.6065e-05
8.0000e+00 5.7168e-04 3.5338e-05
9.0000e+00 5.3669e-04 2.7180e-05
1.0000e+01 5.1335e-04 2.2347e-05
1.1000e+01 4.9946e-04 1.9948e-05
1.2000e+01 4.8874e-04 1.9160e-05
1.3000e+01 4.7734e-04 1.9103e-05
1.4000e+01 4.6574e-04 1.9262e-05
1.5000e+01 4.5215e-04 1.8930e-05
1.6000e+01 4.3621e-04 1.9858e-05
1.7000e+01 4.1825e-04 2.1268e-05
1.8000e+01 3.9830e-04 2.1049e-05
1.9000e+01 3.7756e-04 2.0424e-05
2.0000e+01 3.5394e-04 2.1529e-05
2.1000e+01 3.2476e-04 2.4537e-05
2.2000e+01 2.9028e-04 2.8887e-05
2.3000e+01 2.5286e-04 3.1629e-05
2.4000e+01 2.1403e-04 3.0579e-05
2.5000e+01 1.7611e-04 2.8796e-05
2.6000e+01 1.4112e-04 2.5712e-05
2.7000e+01 1.0955e-04 2.2296e-05
2.8000e+01 8.0768e-05 2.0333e-05
2.9000e+01 5.5952e-05 2.0173e-05
3.0000e+01 3.4973e-05 1.8551e-05
3.1000e+01 1.7788e-05 1.6987e-05
3.2000e+01 5.3976e-06 1.7452e-05
3.3000e+01 -2.4596e-06 1.8993e-05
3.4000e+01 -4.9607e-06 1.9380e-05
3.5000e+01 -4.6537e-06 1.8494e-05
3.6000e+01 -3.7638e-06 1.8206e-05
3.7000e+01 -2.8184e-06 1.7517e-05
3.8000e+01 -1.7916e-06 1.6907e-05
3.9000e+01 -1.8740e-06 1.6895e-05
4.0000e+01 -2.1705e-06 1.6231e-05
4.1000e+01 -2.9343e-06 1.5495e-05
4.2000e+01 -3.3865e-06 1.5572e-05
4.3000e+01 -1.6475e-06 1.6491e-05
4.4000e+01 -6.8027e-08 1.6496e-05
4.5000e+01 1.3716e-06 1.6534e-05
4.6000e+01 2.2683e-06 1.7173e-05
4.7000e+01 2.3167e-06 1.7953e-05
4.8000e+01 2.3341e-06 1.7892e-05
4.9000e+01 2.3788e-06 1.7373e-05
5.0000e+01 1.5016e-06 1.7134e-05
5.1000e+01 -2.5865e-07 1.6594e-05
5.2000e+01 -1.8757e-06 1.5731e-05
5.3000e+01 -2.8394e-06 1.5914e-05
5.4000e+01 -2.3376e-06 1.6722e-05
5.5000e+01 -1.2922e-06 1.6128e-05
5.6000e+01 -1.3423e-07 1.5796e-05
5.7000e+01 1.0357e-06 1.6356e-05
5.8000e+01 2.5314e-06 1.7599e-05
5.9000e+01 3.6021e-06 1.8584e-05
6.0000e+01 2.8288e-06 1.8569e-05
6.1000e+01 1.9711e-06 1.7300e-05
6.2000e+01 8.2817e-07 1.6363e-05
6.3000e+01 3.0955e-08 1.6111e-05
6.4000e+01 -9.5136e-07 1.5944e-05
6.5000e+01 -1.5835e-06 1.5796e-05
6.6000e+01 -1.3450e-06 1.6104e-05
6.7000e+01 -1.4362e-06 1.6451e-05
6.8000e+01 -1.4969e-06 1.6114e-05
6.9000e+01 -7.1837e-07 1.5987e-05
7.0000e+01 3.7566e-08 1.6353e-05
7.1000e+01 -8.0790e-07 1.6329e-05
7.2000e+01 -2.0022e-06 1.6575e-05
7.3000e+01 -2.4962e-06 1.7458e-05
7.4000e+01 -2.2405e-06 1.7673e-05
7.5000e+01 -2.9344e-06 1.6944e-05
7.6000e+01 -2.8555e-06 1.5986e-05
7.7000e+01 -1.1655e-06 1.6013e-05
7.8000e+01 1.1303e-06 1.6670e-05
7.9000e+01 1.8150e-06 1.7698e-05
8.0000e+01 1.6084e-07 1.8210e-05
8.1000e+01 -2.1652e-06 1.7715e-05
8.2000e+01 -3.4402e-06 1.6983e-05
8.3000e+01 -2.6665e-06 1.6661e-05
8.4000e+01 -8.5647e-07 1.7176e-05
8.5000e+01 9.9748e-07 1.7606e-05
8.6000e+01 1.9407e-06 1.7181e-05
8.7000e+01 1.8380e-06 1.6694e-05
8.8000e+01 9.9360e-07 1.6381e-05
8.9000e+01 6.6199e-07 1.5965e-05
9.0000e+01 5.2777e-07 1.6075e-05
9.1000e+01 -3.9557e-07 1.5401e-05
9.2000e+01 -1.4438e-06 1.4754e-05
9.3000e+01 -1.6281e-06 1.5328e-05
9.4000e+01 -5.7455e-07 1.6444e-05
9.5000e+01 6.1917e-07 1.6503e-05
9.6000e+01 1.1988e-06 1.6025e-05
9.7000e+01 1.1524e-06 1.6149e-05
9.8000e+01 2.0290e-06 1.6482e-05
9.9000e+01 2.3252e-06 1.6745e-05
1.0000e+02 1.9563e-06 1.6376e-05
1.0100e+02 8.7329e-07 1.5204e-05
1.0200e+02 2.7265e-07 1.4965e-05
1.0300e+02 -1.2358e-07 1.6001e-05
1.0400e+02 -6.5979e-08 1.6347e-05
1.0500e+02 6.7326e-07 1.6249e-05
1.0600e+02 1.5699e-06 1.6197e-05
1.0700e+02 1.6671e-06 1.5709e-05
1.0800e+02 1.3175e-06 1.5592e-05
1.0900e+02 1.3250e-06 1.6236e-05
1.1000e+02 9.2294e-07 1.7047e-05
1.1100e+02 -1.2490e-07 1.8026e-05
1.1200e+02 -1.0041e-06 1.8200e-05
1.1300e+02 -1.3694e-06 1.7659e-05
1.1400e+02 -1.6681e-06 1.6924e-05
1.1500e+02 -1.6722e-06 1.6009e-05
1.1600e+02 -1.9000e-06 1.6217e-05
1.1700e+02 -1.9310e-06 1.6305e-05
1.1800e+02 -2.0949e-06 1.6626e-05
1.1900e+02 -1.2461e-06 1.6723e-05
1.2000e+02 -6.1829e-07 1.6484e-05
