1.0000e+00 2.2385e-03 1.1087e-04
2.0000e+00 1.8355e-03 1.2108e-04
3.0000e+00 1.4326e-03 1.0663e-04
4.0000e+00 1.1816e-03 5.0034e-05
5.0000e+00 1.0548e-03 4.9848e-05
6.0000e+00 9.9259e-04 4.8795e-05
7.0000e+00 9.5376e-04 3.6586e-05
8.0000e+00 9.0342e-04 2.7652e-05
9.0000e+00 8.4644e-04 3.3720e-05
1.0000e+01 7.9262e-04 3.7173e-05
1.1000e+01 7.5172e-04 3.1833e-05
1.2000e+01 7.2338e-04 1.9365e-05
1.3000e+01 6.8893e-04 1.2878e-05
1.4000e+01 6.4863e-04 1.3070e-05
1.5000e+01 6.1821e-04 1.2842e-05
1.6000e+01 5.8701e-04 1.9018e-05
1.7000e+01 5.4949e-04 2.3848e-05
1.8000e+01 5.0706e-04 2.4656e-05
1.9000e+01 4.7116e-04 2.1341e-05
2.0000e+01 4.3712e-04 1.7367e-05
2.1000e+01 3.9523e-04 2.4436e-05
2.2000e+01 3.4229e-04 3.2135e-05
2.3000e+01 2.8366e-04 3.0343e-05
2.4000e+01 2.3851e-04 2.4165e-05
2.5000e+01 2.2220e-04 1.8979e-05
2.6000e+01 2.3683e-04 1.7645e-05
2.7000e+01 2.6740e-04 1.3612e-05
2.8000e+01 2.9349e-04 1.6032e-05
2.9000e+01 3.0210e-04 1.8093e-05
3.0000e+01 2.9464e-04 1.6243e-05
3.1000e+01 2.7835e-04 1.4238e-05
3.2000e+01 2.6399e-04 1.0777e-05
3.3000e+01 2.5400e-04 1.2586e-05
3.4000e+01 2.5439e-04 1.8539e-05
3.5000e+01 2.6392e-04 1.9338e-05
3.6000e+01 2.6899e-04 1.3160e-05
3.7000e+01 2.5806e-04 1.4495e-05
3.8000e+01 2.2827e-04 1.9731e-05
3.9000e+01 1.9676e-04 1.6802e-05
4.0000e+01 1.7632e-04 1.5930e-05
4.1000e+01 1.6859e-04 1.9998e-05
4.2000e+01 1.5584e-04 1.6214e-05
4.3000e+01 1.4240e-04 1.3807e-05
4.4000e+01 1.3371e-04 1.1524e-05
4.5000e+01 1.3164e-04 1.1932e-05
4.6000e+01 1.3356e-04 1.3957e-05
4.7000e+01 1.3525e-04 1.7414e-05
4.8000e+01 1.2801e-04 1.9604e-05
4.9000e+01 1.1665e-04 1.6722e-05
5.0000e+01 1.0150e-04 1.4342e-05
5.1000e+01 8.6055e-05 1.5402e-05
5.2000e+01 7.6131e-05 1.5337e-05
5.3000e+01 7.6905e-05 1.5209e-05
5.4000e+01 8.1359e-05 1.7640e-05
5.5000e+01 7.6858e-05 1.7967e-05
5.6000e+01 6.7183e-05 1.4497e-05
5.7000e+01 5.5018e-05 1.2986e-05
5.8000e+01 4.7411e-05 1.4622e-05
5.9000e+01 4.3116e-05 1.6288e-05
6.0000e+01 4.4062e-05 1.8325e-05
6.1000e+01 4.4333e-05 1.5499e-05
6.2000e+01 4.4483e-05 1.2275e-05
6.3000e+01 4.1770e-05 1.4200e-05
6.4000e+01 3.5074e-05 1.3466e-05
6.5000e+01 2.9479e-05 1.1205e-05
6.6000e+01 2.8080e-05 1.3308e-05
6.7000e+01 2.8682e-05 1.8233e-05
6.8000e+01 2.7616e-05 1.8857e-05
6.9000e+01 2.0963e-05 1.6510e-05
7.0000e+01 1.3393e-05 1.5715e-05
7.1000e+01 1.2532e-05 1.4716e-05
7.2000e+01 2.0894e-05 1.6207e-05
7.3000e+01 2.6834e-05 1.6347e-05
7.4000e+01 2.2163e-05 1.6084e-05
7.5000e+01 9.6738e-06 1.6495e-05
7.6000e+01 4.7360e-06 1.7096e-05
7.7000e+01 1.0151e-05 1.6678e-05
7.8000e+01 1.5765e-05 1.4674e-05
7.9000e+01 1.3796e-05 1.1718e-05
8.0000e+01 7.9908e-06 1.2228e-05
8.1000e+01 4.1919e-06 1.5219e-05
8.2000e+01 3.3683e-06 1.5112e-05
8.3000e+01 3.8808e-06 1.3565e-05
8.4000e+01 4.3449e-06 1.6157e-05
8.5000e+01 4.9636e-06 1.8439e-05
8.6000e+01 2.8701e-06 1.9002e-05
8.7000e+01 2.1204e-07 1.7769e-05
8.8000e+01 3.5839e-08 1.5616e-05
8.9000e+01 1.2771e-06 1.3064e-05
9.0000e+01 2.0285e-06 1.3459e-05
9.1000e+01 3.0721e-06 1.2923e-05
9.2000e+01 2.5300e-06 1.2872e-05
9.3000e+01 5.1522e-07 1.3476e-05
9.4000e+01 -7.8324e-07 1.3096e-05
9.5000e+01 6.2310e-07 1.4181e-05
9.6000e+01 -7.8957e-08 1.4071e-05
9.7000e+01 -3.0823e-06 1.5930e-05
9.8000e+01 -6.3586e-06 1.9415e-05
9.9000e+01 -5.3919e-06 1.9198e-05
1.0000e+02 -3.8866e-06 1.4602e-05
1.0100e+02 -6.9957e-07 1.3235e-05
1.0200e+02 1.7656e-06 1.5130e-05
1.0300e+02 6.1210e-07 1.4506e-05
1.0400e+02 1.8700e-07 1.4463e-05
1.0500e+02 2.1782e-06 1.6404e-05
1.0600e+02 3.9027e-06 1.7112e-05
1.0700e+02 5.4504e-06 1.6502e-05
1.0800e+02 6.4681e-06 1.5829e-05
1.0900e+02 6.3578e-06 1.4800e-05
1.1000e+02 5.7630e-06 1.4609e-05
1.1100e+02 4.4022e-06 1.4485e-05
1.1200e+02 2.3970e-06 1.4580e-05
1.1300e+02 -9.6976e-07 1.7846e-05
1.1400e+02 -6.0333e-07 1.9489e-05
1.1500e+02 9.8432e-07 1.6663e-05
1.1600e+02 2.2656e-06 1.4259e-05
1.1700e+02 3.7257e-07 1.5682e-05
1.1800e+02 -2.9454e-06 1.3994e-05
1.1900e+02 -3.2257e-06 1.4217e-05
1.2000e+02 -8.9132e-07 1.5778e-05
