1.0000e+00 4.7127e-03 9.7898e-05
2.0000e+00 4.4381e-03 1.9798e-04
3.0000e+00 4.0420e-03 2.8062e-04
4.0000e+00 3.6150e-03 3.1612e-04
5.0000e+00 3.2230e-03 3.3124e-04
6.0000e+00 2.8365e-03 3.0546e-04
7.0000e+00 2.5542e-03 2.6961e-04
8.0000e+00 2.2812e-03 2.2045e-04
9.0000e+00 2.0897e-03 1.8223e-04
1.0000e+01 1.9130e-03 1.3528e-04
1.1000e+01 1.7677e-03 9.9199e-05
1.2000e+01 1.6504e-03 7.1422e-05
1.3000e+01 1.5458e-03 5.1496e-05
1.4000e+01 1.4556e-03 4.0821e-05
1.5000e+01 1.3770e-03 3.5978e-05
1.6000e+01 1.3058e-03 3.5535e-05
1.7000e+01 1.2419e-03 3.7380e-05
1.8000e+01 1.1842e-03 3.9404e-05
1.9000e+01 1.1305e-03 4.1034e-05
2.0000e+01 1.0814e-03 4.2019e-05
2.1000e+01 1.0348e-03 4.1444e-05
2.2000e+01 9.9116e-04 4.0225e-05
2.3000e+01 9.5353e-04 4.0060e-05
2.4000e+01 9.1717e-04 3.7842e-05
2.5000e+01 8.8298e-04 3.5466e-05
2.6000e+01 8.4925e-04 3.3928e-05
2.7000e+01 8.1881e-04 3.2625e-05
2.8000e+01 7.9048e-04 3.2610e-05
2.9000e+01 7.6791e-04 3.2069e-05
3.0000e+01 7.4879e-04 3.0463e-05
3.1000e+01 7.3404e-04 2.7176e-05
3.2000e+01 7.1999e-04 2.4580e-05
3.3000e+01 7.0723e-04 2.2467e-05
3.4000e+01 6.9519e-04 2.1346e-05
3.5000e+01 6.8393e-04 2.0797e-05
3.6000e+01 6.7214e-04 2.0451e-05
3.7000e+01 6.6091e-04 2.0168e-05
3.8000e+01 6.4868e-04 2.0213e-05
3.9000e+01 6.3734e-04 1.9646e-05
4.0000e+01 6.2614e-04 1.8522e-05
4.1000e+01 6.1432e-04 1.7423e-05
4.2000e+01 6.0236e-04 1.6494e-05
4.3000e+01 5.8829e-04 1.6843e-05
4.4000e+01 5.7303e-04 1.8677e-05
4.5000e+01 5.5580e-04 2.0924e-05
4.6000e+01 5.3705e-04 2.3963e-05
4.7000e+01 5.1838e-04 2.6275e-05
4.8000e+01 4.9903e-04 2.7883e-05
4.9000e+01 4.8012e-04 2.9212e-05
5.0000e+01 4.5955e-04 2.9509e-05
5.1000e+01 4.3895e-04 3.0330e-05
5.2000e+01 4.1814e-04 3.0574e-05
5.3000e+01 3.9704e-04 3.0667e-05
5.4000e+01 3.7629e-04 3.1895e-05
5.5000e+01 3.5471e-04 3.3023e-05
5.6000e+01 3.3241e-04 3.4144e-05
5.7000e+01 3.1033e-04 3.5522e-05
5.8000e+01 2.8776e-04 3.6062e-05
5.9000e+01 2.6668e-04 3.6613e-05
6.0000e+01 2.4694e-04 3.6501e-05
6.1000e+01 2.2830e-04 3.5981e-05
6.2000e+01 2.1080e-04 3.4934e-05
6.3000e+01 1.9453e-04 3.3233e-05
6.4000e+01 1.8054e-04 3.1385e-05
6.5000e+01 1.6877e-04 2.9640e-05
6.6000e+01 1.5981e-04 2.8436e-05
6.7000e+01 1.5280e-04 2.7300e-05
6.8000e+01 1.4801e-04 2.5839e-05
6.9000e+01 1.4482e-04 2.5095e-05
7.0000e+01 1.4240e-04 2.4425e-05
7.1000e+01 1.4171e-04 2.4668e-05
7.2000e+01 1.4120e-04 2.4802e-05
7.3000e+01 1.4247e-04 2.5886e-05
7.4000e+01 1.4463e-04 2.6721e-05
7.5000e+01 1.4833e-04 2.8420e-05
7.6000e+01 1.5305e-04 2.9916e-05
7.7000e+01 1.5787e-04 3.0840e-05
7.8000e+01 1.6258e-04 3.0628e-05
7.9000e+01 1.6752e-04 2.9843e-05
8.0000e+01 1.7229e-04 2.8281e-05
8.1000e+01 1.7738e-04 2.6827e-05
8.2000e+01 1.8187e-04 2.5614e-05
8.3000e+01 1.8651e-04 2.5220e-05
8.4000e+01 1.8941e-04 2.6213e-05
8.5000e+01 1.9210e-04 2.8447e-05
8.6000e+01 1.9349e-04 3.1237e-05
8.7000e+01 1.9395e-04 3.4131e-05
8.8000e+01 1.9428e-04 3.6771e-05
8.9000e+01 1.9390e-04 3.8622e-05
9.0000e+01 1.9245e-04 3.9873e-05
9.1000e+01 1.9053e-04 4.0318e-05
9.2000e+01 1.8917e-04 4.0471e-05
9.3000e+01 1.8683e-04 3.9517e-05
9.4000e+01 1.8527e-04 3.8358e-05
9.5000e+01 1.8265e-04 3.7056e-05
9.6000e+01 1.8008e-04 3.6014e-05
9.7000e+01 1.7810e-04 3.4947e-05
9.8000e+01 1.7538e-04 3.3798e-05
9.9000e+01 1.7340e-04 3.2844e-05
1.0000e+02 1.7078e-04 3.1831e-05
1.0100e+02 1.6815e-04 3.1092e-05
1.0200e+02 1.6575e-04 3.0173e-05
1.0300e+02 1.6356e-04 2.9269e-05
1.0400e+02 1.6148e-04 2.8022e-05
1.0500e+02 1.5979e-04 2.6698e-05
1.0600e+02 1.5778e-04 2.5846e-05
1.0700e+02 1.5528e-04 2.4965e-05
1.0800e+02 1.5288e-04 2.4815e-05
1.0900e+02 1.4971e-04 2.4970e-05
1.1000e+02 1.4698e-04 2.5708e-05
1.1100e+02 1.4430e-04 2.6935e-05
1.1200e+02 1.4157e-04 2.7949e-05
1.1300e+02 1.3883e-04 2.9225e-05
1.1400e+02 1.3662e-04 3.0520e-05
1.1500e+02 1.3344e-04 3.1570e-05
1.1600e+02 1.3102e-04 3.2709e-05
1.1700e+02 1.2627e-04 3.4699e-05
1.1800e+02 1.2144e-04 3.7063e-05
1.1900e+02 1.1701e-04 3.9378e-05
1.2000e+02 1.1238e-04 4.0929e-05
1.2100e+02 1.0982e-04 4.1356e-05
1.2200e+02 1.0745e-04 4.0932e-05
1.2300e+02 1.0543e-04 4.0839e-05
1.2400e+02 1.0335e-04 4.0346e-05
1.2500e+02 1.0228e-04 3.9697e-05
1.2600e+02 1.0141e-04 3.9376e-05
1.2700e+02 1.0097e-04 3.8583e-05
1.2800e+02 1.0122e-04 3.7863e-05
1.2900e+02 1.0108e-04 3.6801e-05
1.3000e+02 1.0148e-04 3.5657e-05
1.3100e+02 1.0095e-04 3.4275e-05
1.3200e+02 1.0069e-04 3.2888e-05
1.3300e+02 1.0090e-04 3.1176e-05
1.3400e+02 1.0027e-04 2.9439e-05
1.3500e+02 1.0032e-04 2.7700e-05
1.3600e+02 9.9525e-05 2.5910e-05
1.3700e+02 9.9018e-05 2.4533e-05
1.3800e+02 9.8199e-05 2.3589e-05
1.3900e+02 9.7054e-05 2.2939e-05
1.4000e+02 9.6194e-05 2.2497e-05
1.4100e+02 9.5071e-05 2.1952e-05
1.4200e+02 9.4046e-05 2.0882e-05
1.4300e+02 9.3281e-05 2.0123e-05
1.4400e+02 9.2563e-05 1.9396e-05
1.4500e+02 9.1474e-05 1.8923e-05
1.4600e+02 9.0461e-05 1.8612e-05
1.4700e+02 8.9071e-05 1.8488e-05
1.4800e+02 8.7906e-05 1.8535e-05
1.4900e+02 8.6425e-05 1.8196e-05
1.5000e+02 8.5306e-05 1.7918e-05
1.5100e+02 8.4031e-05 1.7306e-05
1.5200e+02 8.3184e-05 1.7168e-05
1.5300e+02 8.2528e-05 1.7300e-05
1.5400e+02 8.2084e-05 1.7822e-05
1.5500e+02 8.1641e-05 1.8341e-05
1.5600e+02 8.1100e-05 1.8891e-05
1.5700e+02 7.9937e-05 1.9837e-05
1.5800e+02 7.8634e-05 2.0318e-05
1.5900e+02 7.6918e-05 2.0544e-05
1.6000e+02 7.4691e-05 2.0663e-05
1.6100e+02 7.2712e-05 2.0942e-05
1.6200e+02 7.0670e-05 2.1321e-05
1.6300e+02 6.8402e-05 2.1156e-05
1.6400e+02 6.6467e-05 2.1098e-05
1.6500e+02 6.4767e-05 2.0817e-05
1.6600e+02 6.3824e-05 2.0756e-05
1.6700e+02 6.3049e-05 2.0814e-05
1.6800e+02 6.2472e-05 2.0877e-05
1.6900e+02 6.1871e-05 2.0999e-05
1.7000e+02 6.1162e-05 2.1007e-05
1.7100e+02 6.0481e-05 2.0888e-05
1.7200e+02 5.9983e-05 2.0959e-05
1.7300e+02 5.9418e-05 2.0882e-05
1.7400e+02 5.8268e-05 2.0700e-05
1.7500e+02 5.7532e-05 2.0779e-05
1.7600e+02 5.6145e-05 2.0686e-05
1.7700e+02 5.5247e-05 2.0233e-05
1.7800e+02 5.3862e-05 1.9462e-05
1.7900e+02 5.2265e-05 1.8673e-05
1.8000e+02 5.0672e-05 1.8140e-05
1.8100e+02 4.8895e-05 1.8142e-05
1.8200e+02 4.7960e-05 1.8565e-05
1.8300e+02 4.7240e-05 1.8851e-05
1.8400e+02 4.7048e-05 1.9014e-05
1.8500e+02 4.6731e-05 1.8794e-05
1.8600e+02 4.6073e-05 1.8699e-05
1.8700e+02 4.5288e-05 1.8505e-05
1.8800e+02 4.4700e-05 1.8258e-05
1.8900e+02 4.4156e-05 1.8028e-05
1.9000e+02 4.4189e-05 1.8016e-05
1.9100e+02 4.4010e-05 1.8042e-05
1.9200e+02 4.3373e-05 1.8563e-05
1.9300e+02 4.2329e-05 1.9103e-05
1.9400e+02 4.1262e-05 1.9630e-05
1.9500e+02 4.0318e-05 1.9608e-05
1.9600e+02 3.9867e-05 1.9343e-05
1.9700e+02 3.9666e-05 1.8688e-05
1.9800e+02 3.9737e-05 1.8218e-05
1.9900e+02 3.9659e-05 1.7900e-05
2.0000e+02 3.9330e-05 1.7029e-05
