1.0000e+00 4.2533e-03 2.4720e-04
2.0000e+00 3.8130e-03 3.5571e-04
3.0000e+00 3.2527e-03 3.6751e-04
4.0000e+00 2.6989e-03 3.0813e-04
5.0000e+00 2.3128e-03 2.3206e-04
6.0000e+00 2.0652e-03 1.7143e-04
7.0000e+00 1.8802e-03 1.3577e-04
8.0000e+00 1.7347e-03 1.1887e-04
9.0000e+00 1.6055e-03 1.1233e-04
1.0000e+01 1.4842e-03 1.0315e-04
1.1000e+01 1.3652e-03 9.3623e-05
1.2000e+01 1.2601e-03 8.0661e-05
1.3000e+01 1.1779e-03 6.9237e-05
1.4000e+01 1.1187e-03 6.0718e-05
1.5000e+01 1.0851e-03 5.5107e-05
1.6000e+01 1.0590e-03 4.7675e-05
1.7000e+01 1.0340e-03 4.1047e-05
1.8000e+01 1.0061e-03 3.4349e-05
1.9000e+01 9.8004e-04 2.9435e-05
2.0000e+01 9.5445e-04 2.8785e-05
2.1000e+01 9.2833e-04 3.1815e-05
2.2000e+01 9.0173e-04 3.6362e-05
2.3000e+01 8.7355e-04 3.8899e-05
2.4000e+01 8.4426e-04 3.8882e-05
2.5000e+01 8.1665e-04 3.6226e-05
2.6000e+01 7.9257e-04 3.2748e-05
2.7000e+01 7.7437e-04 2.8132e-05
2.8000e+01 7.5802e-04 2.4800e-05
2.9000e+01 7.4186e-04 2.3068e-05
3.0000e+01 7.2351e-04 2.2458e-05
3.1000e+01 7.0317e-04 2.2370e-05
3.2000e+01 6.8285e-04 2.3618e-05
3.3000e+01 6.6374e-04 2.6530e-05
3.4000e+01 6.4513e-04 2.9622e-05
3.5000e+01 6.2737e-04 3.0580e-05
3.6000e+01 6.1058e-04 2.9088e-05
3.7000e+01 5.9556e-04 2.9378e-05
3.8000e+01 5.7984e-04 3.1798e-05
3.9000e+01 5.6361e-04 3.6295e-05
4.0000e+01 5.4364e-04 4.1959e-05
4.1000e+01 5.1651e-04 4.5236e-05
4.2000e+01 4.8081e-04 4.7899e-05
4.3000e+01 4.3628e-04 4.9043e-05
4.4000e+01 3.8162e-04 4.8349e-05
4.5000e+01 3.2173e-04 4.6326e-05
4.6000e+01 2.5991e-04 4.3222e-05
4.7000e+01 1.9989e-04 4.0929e-05
4.8000e+01 1.4792e-04 3.8649e-05
4.9000e+01 1.0702e-04 3.5430e-05
5.0000e+01 7.6437e-05 3.1913e-05
5.1000e+01 5.4789e-05 2.8675e-05
5.2000e+01 4.0165e-05 2.6694e-05
5.3000e+01 2.7690e-05 2.4148e-05
5.4000e+01 1.8743e-05 2.3282e-05
5.5000e+01 1.2572e-05 2.3432e-05
5.6000e+01 8.3246e-06 2.4801e-05
5.7000e+01 6.8428e-06 2.6804e-05
5.8000e+01 7.6367e-06 2.8368e-05
5.9000e+01 9.9203e-06 2.8214e-05
6.0000e+01 1.4462e-05 2.6684e-05
6.1000e+01 2.0716e-05 2.5235e-05
6.2000e+01 2.8700e-05 2.3681e-05
6.3000e+01 3.7345e-05 2.1641e-05
6.4000e+01 4.6267e-05 2.0565e-05
6.5000e+01 5.7036e-05 2.2189e-05
6.6000e+01 6.8670e-05 2.5616e-05
6.7000e+01 8.2103e-05 2.8502e-05
6.8000e+01 9.8228e-05 2.9158e-05
6.9000e+01 1.1665e-04 2.9607e-05
7.0000e+01 1.3759e-04 2.8951e-05
7.1000e+01 1.6256e-04 2.7577e-05
7.2000e+01 1.9177e-04 2.6641e-05
7.3000e+01 2.2436e-04 2.6300e-05
7.4000e+01 2.5625e-04 2.7392e-05
7.5000e+01 2.8193e-04 2.8985e-05
7.6000e+01 2.9687e-04 3.1271e-05
7.7000e+01 2.9862e-04 3.2506e-05
7.8000e+01 2.8522e-04 3.1837e-05
7.9000e+01 2.6119e-04 2.9834e-05
8.0000e+01 2.3106e-04 2.7951e-05
8.1000e+01 2.0005e-04 2.6568e-05
8.2000e+01 1.7247e-04 2.5586e-05
8.3000e+01 1.5014e-04 2.5096e-05
8.4000e+01 1.3269e-04 2.4312e-05
8.5000e+01 1.2056e-04 2.3207e-05
8.6000e+01 1.1234e-04 2.3122e-05
8.7000e+01 1.0730e-04 2.2645e-05
8.8000e+01 1.0395e-04 2.2388e-05
8.9000e+01 1.0221e-04 2.2316e-05
9.0000e+01 1.0196e-04 2.2347e-05
9.1000e+01 1.0277e-04 2.3553e-05
9.2000e+01 1.0349e-04 2.3883e-05
9.3000e+01 1.0232e-04 2.3300e-05
9.4000e+01 1.0007e-04 2.2657e-05
9.5000e+01 9.7712e-05 2.1785e-05
9.6000e+01 9.6301e-05 2.0477e-05
9.7000e+01 9.6331e-05 1.9686e-05
9.8000e+01 9.6168e-05 2.0264e-05
9.9000e+01 9.5950e-05 2.1450e-05
1.0000e+02 9.6112e-05 2.2003e-05
1.0100e+02 9.6602e-05 2.2086e-05
1.0200e+02 9.6716e-05 2.2512e-05
1.0300e+02 9.6258e-05 2.2440e-05
1.0400e+02 9.6241e-05 2.1548e-05
1.0500e+02 9.6944e-05 2.0611e-05
1.0600e+02 9.8894e-05 1.9893e-05
1.0700e+02 1.0115e-04 1.9569e-05
1.0800e+02 1.0238e-04 1.9383e-05
1.0900e+02 1.0231e-04 2.0097e-05
1.1000e+02 1.0107e-04 2.1246e-05
1.1100e+02 9.9720e-05 2.1486e-05
1.1200e+02 9.8980e-05 2.0660e-05
1.1300e+02 9.8147e-05 2.0639e-05
1.1400e+02 9.8109e-05 2.1087e-05
1.1500e+02 9.8248e-05 2.1514e-05
1.1600e+02 9.8892e-05 2.1362e-05
1.1700e+02 9.8834e-05 2.1294e-05
1.1800e+02 9.8746e-05 2.1308e-05
1.1900e+02 9.8862e-05 2.1358e-05
1.2000e+02 1.0020e-04 2.1762e-05
1.2100e+02 1.0187e-04 2.2544e-05
1.2200e+02 1.0280e-04 2.2738e-05
1.2300e+02 1.0263e-04 2.2450e-05
1.2400e+02 1.0146e-04 2.2179e-05
1.2500e+02 9.9120e-05 2.2098e-05
1.2600e+02 9.6552e-05 2.1581e-05
1.2700e+02 9.4275e-05 2.1169e-05
1.2800e+02 9.2048e-05 2.0900e-05
1.2900e+02 8.9686e-05 2.1349e-05
1.3000e+02 8.6535e-05 2.1579e-05
1.3100e+02 8.2226e-05 2.1504e-05
1.3200e+02 7.8050e-05 2.0966e-05
1.3300e+02 7.3404e-05 2.0633e-05
1.3400e+02 6.8704e-05 2.1028e-05
1.3500e+02 6.3761e-05 2.1125e-05
1.3600e+02 5.8860e-05 2.0803e-05
1.3700e+02 5.3732e-05 2.0200e-05
1.3800e+02 4.8703e-05 2.0377e-05
1.3900e+02 4.3913e-05 2.1170e-05
1.4000e+02 3.9762e-05 2.1443e-05
1.4100e+02 3.6634e-05 2.0706e-05
1.4200e+02 3.3536e-05 2.0137e-05
1.4300e+02 3.0718e-05 2.0043e-05
1.4400e+02 2.7339e-05 2.0681e-05
1.4500e+02 2.3817e-05 2.0968e-05
1.4600e+02 2.1260e-05 2.1005e-05
1.4700e+02 1.9638e-05 2.0176e-05
1.4800e+02 1.7638e-05 1.9460e-05
1.4900e+02 1.5623e-05 1.8923e-05
1.5000e+02 1.3652e-05 1.9059e-05
1.5100e+02 1.2520e-05 1.9946e-05
1.5200e+02 1.1553e-05 1.9611e-05
1.5300e+02 9.7013e-06 1.9098e-05
1.5400e+02 8.1318e-06 1.9796e-05
1.5500e+02 7.2829e-06 2.0507e-05
1.5600e+02 7.2655e-06 2.0322e-05
1.5700e+02 6.9477e-06 1.9719e-05
1.5800e+02 6.9766e-06 2.0073e-05
1.5900e+02 7.3556e-06 2.0448e-05
1.6000e+02 7.2522e-06 2.0085e-05
1.6100e+02 6.7979e-06 1.9585e-05
1.6200e+02 5.7364e-06 1.9486e-05
1.6300e+02 5.0713e-06 2.0033e-05
1.6400e+02 4.5384e-06 2.0523e-05
1.6500e+02 3.7929e-06 2.0589e-05
1.6600e+02 3.1686e-06 2.0472e-05
1.6700e+02 2.9459e-06 2.0709e-05
1.6800e+02 2.7123e-06 2.1064e-05
1.6900e+02 1.7400e-06 2.1018e-05
1.7000e+02 5.0600e-07 2.0548e-05
1.7100e+02 1.3585e-07 1.9888e-05
1.7200e+02 6.1007e-07 2.0231e-05
1.7300e+02 1.5879e-06 2.0556e-05
1.7400e+02 2.8537e-06 2.0301e-05
1.7500e+02 4.3020e-06 1.9993e-05
1.7600e+02 5.8647e-06 1.9946e-05
1.7700e+02 6.1998e-06 1.9728e-05
1.7800e+02 5.2904e-06 1.9384e-05
1.7900e+02 3.4310e-06 1.9559e-05
1.8000e+02 1.9350e-06 1.9972e-05
1.8100e+02 8.2089e-07 2.0131e-05
1.8200e+02 6.3931e-07 1.9933e-05
1.8300e+02 5.4052e-07 2.0126e-05
1.8400e+02 -6.1163e-09 2.0514e-05
1.8500e+02 -5.0637e-07 2.0883e-05
1.8600e+02 -5.5875e-07 2.1233e-05
1.8700e+02 -1.0475e-06 2.1601e-05
1.8800e+02 -1.5803e-06 2.1878e-05
1.8900e+02 -1.0044e-06 2.1681e-05
1.9000e+02 -1.2148e-07 2.1166e-05
1.9100e+02 9.2410e-07 2.0172e-05
1.9200e+02 1.2738e-06 1.9346e-05
1.9300e+02 1.3322e-06 1.8948e-05
1.9400e+02 1.6064e-06 1.8874e-05
1.9500e+02 1.6492e-06 1.9218e-05
1.9600e+02 1.2589e-06 1.9765e-05
1.9700e+02 9.4478e-07 1.9975e-05
1.9800e+02 4.7598e-07 1.9242e-05
1.9900e+02 5.6115e-07 1.8502e-05
2.0000e+02 3.2960e-07 1.8509e-05
