1.0000e+00 3.2147e-03 9.0490e-05
2.0000e+00 2.9847e-03 1.5632e-04
3.0000e+00 2.6635e-03 2.0954e-04
4.0000e+00 2.2938e-03 2.1145e-04
5.0000e+00 1.9384e-03 1.9898e-04
6.0000e+00 1.6448e-03 1.7404e-04
7.0000e+00 1.4013e-03 1.3589e-04
8.0000e+00 1.2195e-03 1.0885e-04
9.0000e+00 1.0834e-03 8.1229e-05
1.0000e+01 9.8591e-04 6.3210e-05
1.1000e+01 9.0873e-04 5.1034e-05
1.2000e+01 8.4705e-04 4.0222e-05
1.3000e+01 7.9733e-04 3.3509e-05
1.4000e+01 7.5469e-04 2.7331e-05
1.5000e+01 7.2009e-04 2.4606e-05
1.6000e+01 6.9053e-04 2.3509e-05
1.7000e+01 6.6350e-04 2.1923e-05
1.8000e+01 6.3941e-04 2.0682e-05
1.9000e+01 6.1517e-04 1.8490e-05
2.0000e+01 5.9247e-04 1.7157e-05
2.1000e+01 5.7057e-04 1.6797e-05
2.2000e+01 5.5001e-04 1.6921e-05
2.3000e+01 5.3091e-04 1.7689e-05
2.4000e+01 5.1241e-04 1.8453e-05
2.5000e+01 4.9494e-04 1.9799e-05
2.6000e+01 4.7798e-04 2.0362e-05
2.7000e+01 4.6095e-04 2.0922e-05
2.8000e+01 4.4472e-04 2.1225e-05
2.9000e+01 4.2970e-04 2.1523e-05
3.0000e+01 4.1461e-04 2.0849e-05
3.1000e+01 4.0023e-04 1.9816e-05
3.2000e+01 3.8628e-04 1.7410e-05
3.3000e+01 3.7314e-04 1.5374e-05
3.4000e+01 3.6122e-04 1.3341e-05
3.5000e+01 3.5046e-04 1.2452e-05
3.6000e+01 3.4075e-04 1.2834e-05
3.7000e+01 3.3117e-04 1.3732e-05
3.8000e+01 3.2094e-04 1.4730e-05
3.9000e+01 3.1047e-04 1.5048e-05
4.0000e+01 3.0026e-04 1.4716e-05
4.1000e+01 2.9054e-04 1.4552e-05
4.2000e+01 2.8169e-04 1.4319e-05
4.3000e+01 2.7283e-04 1.4246e-05
4.4000e+01 2.6415e-04 1.4578e-05
4.5000e+01 2.5512e-04 1.5262e-05
4.6000e+01 2.4645e-04 1.5777e-05
4.7000e+01 2.3824e-04 1.5460e-05
4.8000e+01 2.3045e-04 1.5430e-05
4.9000e+01 2.2367e-04 1.4845e-05
5.0000e+01 2.1668e-04 1.4895e-05
5.1000e+01 2.0921e-04 1.4590e-05
5.2000e+01 2.0154e-04 1.4441e-05
5.3000e+01 1.9323e-04 1.4433e-05
5.4000e+01 1.8504e-04 1.4976e-05
5.5000e+01 1.7698e-04 1.5416e-05
5.6000e+01 1.6811e-04 1.6005e-05
5.7000e+01 1.5942e-04 1.6002e-05
5.8000e+01 1.5113e-04 1.5755e-05
5.9000e+01 1.4297e-04 1.5062e-05
6.0000e+01 1.3597e-04 1.4142e-05
6.1000e+01 1.2953e-04 1.4277e-05
6.2000e+01 1.2376e-04 1.4215e-05
6.3000e+01 1.1723e-04 1.3790e-05
6.4000e+01 1.1017e-04 1.3724e-05
6.5000e+01 1.0244e-04 1.4082e-05
6.6000e+01 9.4113e-05 1.4369e-05
6.7000e+01 8.5672e-05 1.4190e-05
6.8000e+01 7.7015e-05 1.4450e-05
6.9000e+01 6.8180e-05 1.5602e-05
7.0000e+01 5.8797e-05 1.7185e-05
7.1000e+01 5.0057e-05 1.8832e-05
7.2000e+01 4.2769e-05 2.0461e-05
7.3000e+01 3.8099e-05 2.1790e-05
7.4000e+01 3.5975e-05 2.2951e-05
7.5000e+01 3.6636e-05 2.3680e-05
7.6000e+01 4.0126e-05 2.3369e-05
7.7000e+01 4.5661e-05 2.1544e-05
7.8000e+01 5.3422e-05 1.9108e-05
7.9000e+01 6.3376e-05 1.6762e-05
8.0000e+01 7.4858e-05 1.5639e-05
8.1000e+01 8.7186e-05 1.6024e-05
8.2000e+01 9.8924e-05 1.7728e-05
8.3000e+01 1.0833e-04 2.0042e-05
8.4000e+01 1.1467e-04 2.2107e-05
8.5000e+01 1.1722e-04 2.3698e-05
8.6000e+01 1.1555e-04 2.4015e-05
8.7000e+01 1.1107e-04 2.3299e-05
8.8000e+01 1.0450e-04 2.1969e-05
8.9000e+01 9.6823e-05 2.0056e-05
9.0000e+01 8.8578e-05 1.8294e-05
9.1000e+01 7.9868e-05 1.7206e-05
9.2000e+01 7.1059e-05 1.7265e-05
9.3000e+01 6.2044e-05 1.7488e-05
9.4000e+01 5.3439e-05 1.7907e-05
9.5000e+01 4.5272e-05 1.8085e-05
9.6000e+01 3.8394e-05 1.7961e-05
9.7000e+01 3.3312e-05 1.7473e-05
9.8000e+01 2.9130e-05 1.6953e-05
9.9000e+01 2.6302e-05 1.6971e-05
1.0000e+02 2.3772e-05 1.6867e-05
1.0100e+02 2.1729e-05 1.6341e-05
1.0200e+02 2.0459e-05 1.5407e-05
1.0300e+02 2.0204e-05 1.4984e-05
1.0400e+02 2.0742e-05 1.5026e-05
1.0500e+02 2.1923e-05 1.5078e-05
1.0600e+02 2.2931e-05 1.4911e-05
1.0700e+02 2.3715e-05 1.4505e-05
1.0800e+02 2.4121e-05 1.4644e-05
1.0900e+02 2.3754e-05 1.4505e-05
1.1000e+02 2.3000e-05 1.4639e-05
1.1100e+02 2.1690e-05 1.5008e-05
1.1200e+02 2.0641e-05 1.5001e-05
1.1300e+02 1.9278e-05 1.5124e-05
1.1400e+02 1.7964e-05 1.5142e-05
1.1500e+02 1.6829e-05 1.5488e-05
1.1600e+02 1.5792e-05 1.5872e-05
1.1700e+02 1.4762e-05 1.5449e-05
1.1800e+02 1.4140e-05 1.5092e-05
1.1900e+02 1.2980e-05 1.4840e-05
1.2000e+02 1.1982e-05 1.4934e-05
