5.0000e-01 4.2941e-04 6.5998e-06
1.5000e+00 4.4666e-04 1.6185e-05
2.5000e+00 4.7545e-04 2.4387e-05
3.5000e+00 5.0968e-04 3.4388e-05
4.5000e+00 5.3994e-04 4.4149e-05
5.5000e+00 5.5881e-04 5.6223e-05
6.5000e+00 5.5671e-04 6.5026e-05
7.5000e+00 5.3141e-04 7.1077e-05
8.5000e+00 4.8188e-04 7.1255e-05
9.5000e+00 4.1775e-04 6.4975e-05
1.0500e+01 3.4486e-04 5.5135e-05
1.1500e+01 2.7025e-04 4.3636e-05
1.2500e+01 2.0294e-04 3.2904e-05
1.3500e+01 1.4813e-04 2.5145e-05
1.4500e+01 1.0447e-04 1.9786e-05
1.5500e+01 7.3927e-05 1.8795e-05
1.6500e+01 5.1736e-05 2.0807e-05
1.7500e+01 3.7444e-05 2.2884e-05
1.8500e+01 2.8403e-05 2.3656e-05
1.9500e+01 2.1439e-05 2.3760e-05
2.0500e+01 1.6583e-05 2.2825e-05
2.1500e+01 1.4028e-05 2.2274e-05
2.2500e+01 1.3205e-05 2.2117e-05
2.3500e+01 1.4472e-05 2.2504e-05
2.4500e+01 1.7022e-05 2.2729e-05
2.5500e+01 2.1199e-05 2.2559e-05
2.6500e+01 2.7172e-05 2.2111e-05
2.7500e+01 3.4588e-05 2.2097e-05
2.8500e+01 4.4455e-05 2.2248e-05
2.9500e+01 5.6137e-05 2.2922e-05
3.0500e+01 6.9700e-05 2.3695e-05
3.1500e+01 8.5540e-05 2.4459e-05
3.2500e+01 1.0413e-04 2.5788e-05
3.3500e+01 1.2515e-04 2.7515e-05
3.4500e+01 1.4894e-04 2.8431e-05
3.5500e+01 1.7770e-04 2.8404e-05
3.6500e+01 2.1040e-04 2.7955e-05
3.7500e+01 2.4467e-04 2.7711e-05
3.8500e+01 2.7549e-04 2.9219e-05
3.9500e+01 3.0125e-04 2.9209e-05
4.0500e+01 3.1532e-04 3.0697e-05
4.1500e+01 3.1511e-04 3.1561e-05
4.2500e+01 3.0017e-04 3.2597e-05
4.3500e+01 2.7526e-04 3.3974e-05
4.4500e+01 2.4433e-04 3.4115e-05
4.5500e+01 2.1327e-04 3.3782e-05
4.6500e+01 1.8559e-04 3.2344e-05
4.7500e+01 1.6462e-04 2.9279e-05
4.8500e+01 1.4841e-04 2.6092e-05
4.9500e+01 1.3820e-04 2.2919e-05
5.0500e+01 1.3216e-04 2.1323e-05
5.1500e+01 1.2948e-04 2.1392e-05
5.2500e+01 1.2990e-04 2.1953e-05
5.3500e+01 1.3245e-04 2.2722e-05
5.4500e+01 1.3741e-04 2.3236e-05
5.5500e+01 1.4412e-04 2.3217e-05
5.6500e+01 1.5297e-04 2.3427e-05
5.7500e+01 1.6357e-04 2.3840e-05
5.8500e+01 1.7613e-04 2.4776e-05
5.9500e+01 1.8998e-04 2.5838e-05
6.0500e+01 2.0423e-04 2.7019e-05
6.1500e+01 2.1823e-04 2.8440e-05
6.2500e+01 2.2987e-04 3.0218e-05
6.3500e+01 2.3907e-04 3.1273e-05
6.4500e+01 2.4426e-04 3.1921e-05
6.5500e+01 2.4569e-04 3.1756e-05
6.6500e+01 2.4210e-04 3.1626e-05
6.7500e+01 2.3515e-04 3.1118e-05
6.8500e+01 2.2410e-04 3.0179e-05
6.9500e+01 2.1029e-04 2.9452e-05
7.0500e+01 1.9390e-04 2.8556e-05
7.1500e+01 1.7653e-04 2.8041e-05
7.2500e+01 1.5958e-04 2.7656e-05
7.3500e+01 1.4376e-04 2.7750e-05
7.4500e+01 1.2902e-04 2.8059e-05
7.5500e+01 1.1552e-04 2.8845e-05
7.6500e+01 1.0357e-04 2.9431e-05
7.7500e+01 9.3065e-05 2.9101e-05
7.8500e+01 8.3306e-05 2.7495e-05
7.9500e+01 7.4650e-05 2.4833e-05
8.0500e+01 6.7052e-05 2.1472e-05
8.1500e+01 6.0052e-05 1.8477e-05
8.2500e+01 5.3628e-05 1.6366e-05
8.3500e+01 4.7840e-05 1.5069e-05
8.4500e+01 4.2515e-05 1.4754e-05
8.5500e+01 3.6942e-05 1.5361e-05
8.6500e+01 3.1357e-05 1.6115e-05
8.7500e+01 2.6381e-05 1.6688e-05
8.8500e+01 2.1858e-05 1.6963e-05
8.9500e+01 1.7787e-05 1.7212e-05
9.0500e+01 1.4970e-05 1.6897e-05
9.1500e+01 1.3014e-05 1.5986e-05
9.2500e+01 1.1589e-05 1.4944e-05
9.3500e+01 1.0562e-05 1.3668e-05
9.4500e+01 9.3015e-06 1.3245e-05
9.5500e+01 7.8459e-06 1.3524e-05
9.6500e+01 5.8408e-06 1.4070e-05
9.7500e+01 3.3724e-06 1.4420e-05
9.8500e+01 8.7511e-07 1.4816e-05
9.9500e+01 -1.2439e-06 1.5076e-05
1.0050e+02 -2.4070e-06 1.5253e-05
1.0150e+02 -2.5873e-06 1.5408e-05
1.0250e+02 -1.8461e-06 1.5589e-05
1.0350e+02 -9.0715e-07 1.6053e-05
1.0450e+02 -4.3198e-07 1.6393e-05
1.0550e+02 -4.3187e-07 1.6327e-05
1.0650e+02 -5.2132e-07 1.6052e-05
1.0750e+02 -5.1527e-07 1.5572e-05
1.0850e+02 8.0774e-08 1.5279e-05
1.0950e+02 7.8804e-07 1.5172e-05
1.1050e+02 1.5849e-06 1.5265e-05
1.1150e+02 2.2072e-06 1.5695e-05
1.1250e+02 2.4686e-06 1.6221e-05
1.1350e+02 2.5501e-06 1.6542e-05
1.1450e+02 2.0051e-06 1.6602e-05
1.1550e+02 1.4036e-06 1.6568e-05
1.1650e+02 9.1783e-07 1.6415e-05
1.1750e+02 5.2993e-07 1.6156e-05
1.1850e+02 3.6798e-07 1.5714e-05
1.1950e+02 4.7165e-07 1.5184e-05
1.2050e+02 4.0800e-07 1.4577e-05
1.2150e+02 5.1753e-07 1.3963e-05
1.2250e+02 2.8046e-07 1.3239e-05
1.2350e+02 2.5141e-07 1.2837e-05
1.2450e+02 6.1222e-07 1.2722e-05
1.2550e+02 1.0623e-06 1.2875e-05
1.2650e+02 1.8915e-06 1.3021e-05
1.2750e+02 2.6968e-06 1.3060e-05
1.2850e+02 2.9208e-06 1.3041e-05
1.2950e+02 2.9408e-06 1.3493e-05
1.3050e+02 2.3794e-06 1.3961e-05
1.3150e+02 1.8000e-06 1.4431e-05
1.3250e+02 1.3952e-06 1.4570e-05
1.3350e+02 1.1406e-06 1.4495e-05
1.3450e+02 1.1043e-06 1.4543e-05
1.3550e+02 1.0822e-06 1.4703e-05
1.3650e+02 9.8874e-07 1.4863e-05
1.3750e+02 8.6829e-07 1.4808e-05
1.3850e+02 6.0647e-07 1.4533e-05
1.3950e+02 -4.9649e-08 1.4343e-05
1.4050e+02 -3.9483e-07 1.4064e-05
1.4150e+02 -5.5045e-07 1.3845e-05
1.4250e+02 -5.6057e-07 1.3888e-05
1.4350e+02 9.5876e-08 1.4269e-05
1.4450e+02 8.0761e-07 1.4606e-05
1.4550e+02 1.5651e-06 1.4799e-05
1.4650e+02 2.1303e-06 1.4947e-05
1.4750e+02 2.3854e-06 1.5024e-05
1.4850e+02 2.4484e-06 1.4857e-05
1.4950e+02 2.3312e-06 1.4840e-05
1.5050e+02 2.0663e-06 1.4827e-05
1.5150e+02 1.8864e-06 1.4862e-05
1.5250e+02 1.7002e-06 1.5122e-05
1.5350e+02 1.6545e-06 1.5508e-05
1.5450e+02 1.5394e-06 1.5935e-05
1.5550e+02 1.1775e-06 1.6144e-05
1.5650e+02 3.9130e-07 1.5979e-05
1.5750e+02 -6.1066e-07 1.5683e-05
1.5850e+02 -1.7541e-06 1.5352e-05
1.5950e+02 -2.4449e-06 1.5056e-05
1.6050e+02 -2.6867e-06 1.4857e-05
1.6150e+02 -2.3483e-06 1.4888e-05
1.6250e+02 -1.5840e-06 1.5146e-05
1.6350e+02 -8.7669e-07 1.5369e-05
1.6450e+02 -3.8680e-07 1.4991e-05
1.6550e+02 -3.0517e-07 1.4527e-05
1.6650e+02 -5.2839e-07 1.4364e-05
1.6750e+02 -1.0061e-06 1.4490e-05
1.6850e+02 -1.3366e-06 1.4728e-05
1.6950e+02 -1.5419e-06 1.5040e-05
1.7050e+02 -1.4390e-06 1.5399e-05
1.7150e+02 -1.1620e-06 1.5646e-05
1.7250e+02 -6.9620e-07 1.5834e-05
1.7350e+02 -3.5648e-07 1.5968e-05
1.7450e+02 5.9545e-08 1.5878e-05
1.7550e+02 7.0129e-07 1.5617e-05
1.7650e+02 1.2589e-06 1.5564e-05
1.7750e+02 1.8032e-06 1.5791e-05
1.7850e+02 2.1215e-06 1.6393e-05
1.7950e+02 2.0861e-06 1.6712e-05
1.8050e+02 1.9199e-06 1.6648e-05
1.8150e+02 1.6953e-06 1.5604e-05
1.8250e+02 1.3531e-06 1.4188e-05
1.8350e+02 1.0561e-06 1.3264e-05
1.8450e+02 8.3979e-07 1.3076e-05
1.8550e+02 6.4471e-07 1.3421e-05
1.8650e+02 2.8539e-07 1.3993e-05
1.8750e+02 9.5335e-10 1.4538e-05
1.8850e+02 -5.8857e-07 1.4914e-05
1.8950e+02 -1.2046e-06 1.5097e-05
1.9050e+02 -1.7599e-06 1.5072e-05
1.9150e+02 -2.0422e-06 1.4850e-05
1.9250e+02 -1.7361e-06 1.4534e-05
1.9350e+02 -1.0243e-06 1.4346e-05
1.9450e+02 -1.7750e-07 1.4271e-05
1.9550e+02 8.1847e-07 1.4254e-05
1.9650e+02 1.6824e-06 1.4058e-05
1.9750e+02 2.0939e-06 1.3723e-05
1.9850e+02 2.2847e-06 1.3592e-05
1.9950e+02 1.9686e-06 1.3872e-05
2.0050e+02 1.5425e-06 1.4199e-05
2.0150e+02 1.1805e-06 1.4164e-05
2.0250e+02 9.0801e-07 1.3569e-05
2.0350e+02 8.7156e-07 1.2792e-05
2.0450e+02 1.1572e-06 1.2384e-05
2.0550e+02 1.3601e-06 1.2431e-05
2.0650e+02 1.6876e-06 1.2804e-05
2.0750e+02 1.7717e-06 1.3320e-05
2.0850e+02 1.8598e-06 1.3744e-05
2.0950e+02 1.9193e-06 1.4003e-05
2.1050e+02 1.6608e-06 1.4193e-05
2.1150e+02 1.4873e-06 1.4045e-05
2.1250e+02 1.2812e-06 1.3801e-05
2.1350e+02 1.1387e-06 1.3625e-05
2.1450e+02 8.6709e-07 1.3792e-05
2.1550e+02 4.7532e-07 1.4163e-05
2.1650e+02 1.4206e-07 1.4482e-05
2.1750e+02 1.3378e-07 1.4771e-05
2.1850e+02 -8.0053e-08 1.4795e-05
2.1950e+02 2.7852e-08 1.4461e-05
2.2050e+02 -8.7729e-08 1.4028e-05
2.2150e+02 -3.6283e-07 1.3767e-05
2.2250e+02 -7.7548e-07 1.3791e-05
2.2350e+02 -9.9905e-07 1.3964e-05
2.2450e+02 -1.1144e-06 1.4005e-05
2.2550e+02 -1.3149e-06 1.3938e-05
2.2650e+02 -1.5911e-06 1.3705e-05
2.2750e+02 -1.7832e-06 1.3775e-05
2.2850e+02 -2.0034e-06 1.4069e-05
2.2950e+02 -1.9310e-06 1.4598e-05
2.3050e+02 -1.4829e-06 1.5021e-05
2.3150e+02 -9.9168e-07 1.5544e-05
2.3250e+02 -5.8917e-07 1.5960e-05
2.3350e+02 -3.2079e-07 1.6086e-05
2.3450e+02 -2.5957e-07 1.6017e-05
2.3550e+02 -3.3067e-07 1.5489e-05
2.3650e+02 -2.6506e-07 1.4766e-05
2.3750e+02 -1.2592e-07 1.4326e-05
2.3850e+02 2.5342e-07 1.4172e-05
2.3950e+02 7.9883e-07 1.4012e-05
2.4050e+02 1.5029e-06 1.3767e-05
2.4150e+02 2.1948e-06 1.3889e-05
2.4250e+02 2.6864e-06 1.4247e-05
2.4350e+02 2.8539e-06 1.4468e-05
2.4450e+02 2.5082e-06 1.4660e-05
2.4550e+02 1.8711e-06 1.4710e-05
2.4650e+02 9.1388e-07 1.4580e-05
2.4750e+02 -1.0784e-08 1.4374e-05
2.4850e+02 -6.7993e-07 1.4134e-05
2.4950e+02 -1.1206e-06 1.3904e-05
2.5050e+02 -1.1200e-06 1.3334e-05
2.5150e+02 -8.0809e-07 1.2601e-05
2.5250e+02 -4.6664e-07 1.2191e-05
2.5350e+02 -2.7750e-07 1.2175e-05
2.5450e+02 -3.3001e-07 1.2525e-05
2.5550e+02 -5.3004e-07 1.3066e-05
2.5650e+02 -6.5311e-07 1.3663e-05
2.5750e+02 -8.3670e-07 1.4045e-05
2.5850e+02 -9.4505e-07 1.4368e-05
2.5950e+02 -9.3694e-07 1.4541e-05
2.6050e+02 -9.5323e-07 1.4782e-05
2.6150e+02 -9.4715e-07 1.4982e-05
2.6250e+02 -1.0531e-06 1.5205e-05
2.6350e+02 -1.1411e-06 1.5557e-05
2.6450e+02 -1.1713e-06 1.5730e-05
2.6550e+02 -9.5021e-07 1.5792e-05
2.6650e+02 -5.3130e-07 1.5711e-05
2.6750e+02 2.3451e-08 1.5441e-05
2.6850e+02 6.4508e-07 1.5049e-05
2.6950e+02 1.0423e-06 1.4696e-05
2.7050e+02 1.3179e-06 1.4449e-05
2.7150e+02 1.2349e-06 1.4479e-05
2.7250e+02 9.4591e-07 1.4611e-05
2.7350e+02 8.6514e-07 1.4902e-05
2.7450e+02 5.6005e-07 1.5019e-05
2.7550e+02 1.8827e-07 1.4866e-05
2.7650e+02 -1.6083e-08 1.4718e-05
2.7750e+02 -1.0618e-07 1.5079e-05
2.7850e+02 -4.3546e-08 1.5652e-05
2.7950e+02 1.3117e-07 1.6037e-05
2.8050e+02 5.8479e-07 1.6103e-05
2.8150e+02 1.1635e-06 1.5802e-05
2.8250e+02 1.8746e-06 1.5291e-05
2.8350e+02 2.1681e-06 1.4773e-05
2.8450e+02 2.3311e-06 1.4474e-05
2.8550e+02 2.0915e-06 1.4439e-05
2.8650e+02 1.5212e-06 1.4613e-05
2.8750e+02 7.3533e-07 1.4759e-05
2.8850e+02 -1.9828e-07 1.4814e-05
2.8950e+02 -9.5994e-07 1.4638e-05
2.9050e+02 -1.6834e-06 1.4696e-05
2.9150e+02 -1.9689e-06 1.4870e-05
2.9250e+02 -1.8483e-06 1.5145e-05
2.9350e+02 -1.4506e-06 1.5068e-05
2.9450e+02 -1.1488e-06 1.4911e-05
2.9550e+02 -9.6826e-07 1.4593e-05
2.9650e+02 -9.3166e-07 1.4628e-05
2.9750e+02 -9.7812e-07 1.4749e-05
2.9850e+02 -7.8583e-07 1.5054e-05
2.9950e+02 -4.7474e-07 1.5234e-05
