5.0000e-01 8.3353e-04 0.0000e+00
1.5000e+00 8.1435e-04 2.0399e-05
2.5000e+00 8.2816e-04 3.3486e-05
3.5000e+00 8.9812e-04 3.6299e-05
4.5000e+00 1.0045e-03 3.7783e-05
5.5000e+00 1.0885e-03 1.8846e-05
6.5000e+00 1.1027e-03 1.7679e-05
7.5000e+00 1.0573e-03 3.1968e-05
8.5000e+00 9.8737e-04 3.6040e-05
9.5000e+00 9.3311e-04 2.9057e-05
1.0500e+01 8.9724e-04 2.2059e-05
1.1500e+01 8.6183e-04 1.9947e-05
1.2500e+01 8.1208e-04 2.2339e-05
1.3500e+01 7.3543e-04 2.9855e-05
1.4500e+01 6.4039e-04 3.4264e-05
1.5500e+01 5.6774e-04 3.0542e-05
1.6500e+01 5.5922e-04 2.1785e-05
1.7500e+01 6.1325e-04 2.6730e-05
1.8500e+01 6.8144e-04 2.6225e-05
1.9500e+01 7.2529e-04 2.5856e-05
2.0500e+01 7.3432e-04 1.9869e-05
2.1500e+01 7.2489e-04 1.6992e-05
2.2500e+01 7.0612e-04 1.5726e-05
2.3500e+01 6.8701e-04 1.6647e-05
2.4500e+01 6.7212e-04 1.9622e-05
2.5500e+01 6.5399e-04 2.1925e-05
2.6500e+01 6.3018e-04 2.5056e-05
2.7500e+01 6.0862e-04 2.5432e-05
2.8500e+01 5.8944e-04 2.1190e-05
2.9500e+01 5.6297e-04 2.3628e-05
3.0500e+01 5.2792e-04 2.9482e-05
3.1500e+01 4.8849e-04 2.7639e-05
3.2500e+01 4.5598e-04 2.3149e-05
3.3500e+01 4.2956e-04 2.2694e-05
3.4500e+01 4.0819e-04 2.3365e-05
3.5500e+01 3.9383e-04 2.2084e-05
3.6500e+01 3.8934e-04 2.0689e-05
3.7500e+01 3.8560e-04 1.8370e-05
3.8500e+01 3.8359e-04 1.7989e-05
3.9500e+01 3.8217e-04 2.0785e-05
4.0500e+01 3.8019e-04 2.1932e-05
4.1500e+01 3.6856e-04 1.7666e-05
4.2500e+01 3.5175e-04 1.3155e-05
4.3500e+01 3.3439e-04 1.2186e-05
4.4500e+01 3.1646e-04 1.2554e-05
4.5500e+01 2.9473e-04 1.4552e-05
4.6500e+01 2.7119e-04 1.7768e-05
4.7500e+01 2.4635e-04 1.8268e-05
4.8500e+01 2.2047e-04 1.5638e-05
4.9500e+01 1.9468e-04 1.6440e-05
5.0500e+01 1.7098e-04 1.7691e-05
5.1500e+01 1.4733e-04 1.7294e-05
5.2500e+01 1.2414e-04 1.4280e-05
5.3500e+01 1.0835e-04 1.2367e-05
5.4500e+01 1.0167e-04 1.3884e-05
5.5500e+01 1.0032e-04 1.4138e-05
5.6500e+01 1.0009e-04 1.3483e-05
5.7500e+01 9.8174e-05 1.0969e-05
5.8500e+01 9.4262e-05 7.9823e-06
5.9500e+01 8.8647e-05 9.4954e-06
6.0500e+01 8.0792e-05 9.6166e-06
6.1500e+01 7.1979e-05 8.9039e-06
6.2500e+01 6.2528e-05 1.0797e-05
6.3500e+01 5.2545e-05 1.0179e-05
6.4500e+01 4.2475e-05 8.2620e-06
6.5500e+01 3.5615e-05 7.4987e-06
6.6500e+01 3.0594e-05 6.9649e-06
6.7500e+01 2.3997e-05 9.2854e-06
6.8500e+01 1.6161e-05 1.2320e-05
6.9500e+01 1.2072e-05 1.3245e-05
7.0500e+01 1.2601e-05 1.1391e-05
7.1500e+01 9.9966e-06 1.0201e-05
7.2500e+01 3.9602e-06 1.1593e-05
7.3500e+01 3.3502e-07 1.2041e-05
7.4500e+01 3.3660e-06 1.2816e-05
7.5500e+01 5.3977e-06 1.1646e-05
7.6500e+01 3.1004e-06 9.7991e-06
7.7500e+01 5.8125e-07 8.2127e-06
7.8500e+01 7.3509e-07 6.6421e-06
7.9500e+01 2.8296e-06 8.7488e-06
8.0500e+01 4.8982e-06 9.4605e-06
8.1500e+01 6.3692e-06 1.0228e-05
8.2500e+01 6.4368e-06 9.9219e-06
8.3500e+01 3.4748e-06 1.0273e-05
8.4500e+01 -9.3493e-07 1.2235e-05
8.5500e+01 -2.9878e-06 1.2094e-05
8.6500e+01 -1.6784e-06 1.1316e-05
8.7500e+01 5.4795e-07 1.0078e-05
8.8500e+01 1.1062e-06 1.0444e-05
8.9500e+01 2.0495e-07 1.0453e-05
9.0500e+01 4.0896e-08 1.0477e-05
9.1500e+01 1.6509e-06 1.0457e-05
9.2500e+01 2.8426e-06 9.7018e-06
9.3500e+01 2.0896e-06 8.7723e-06
9.4500e+01 1.4872e-06 9.3318e-06
9.5500e+01 2.2106e-07 1.0645e-05
9.6500e+01 -8.1893e-07 1.0097e-05
9.7500e+01 -3.1205e-06 9.7408e-06
9.8500e+01 -5.8650e-06 1.0885e-05
9.9500e+01 -4.8576e-06 1.0916e-05
1.0050e+02 -1.6796e-06 1.0144e-05
1.0150e+02 -4.8512e-07 1.0975e-05
1.0250e+02 -2.2392e-06 1.2230e-05
1.0350e+02 -2.5800e-06 1.1578e-05
1.0450e+02 -2.9159e-06 9.2712e-06
1.0550e+02 -2.7325e-06 8.6216e-06
1.0650e+02 -1.0667e-06 1.0137e-05
1.0750e+02 1.5567e-06 1.1520e-05
1.0850e+02 3.5624e-06 1.2010e-05
1.0950e+02 5.7859e-06 1.1287e-05
1.1050e+02 4.5348e-06 1.0129e-05
1.1150e+02 7.2460e-07 8.9077e-06
1.1250e+02 -2.2545e-06 8.9366e-06
1.1350e+02 -3.7251e-06 9.0816e-06
1.1450e+02 -3.9231e-06 8.5457e-06
1.1550e+02 -1.1171e-06 7.2886e-06
1.1650e+02 1.9595e-06 8.5722e-06
1.1750e+02 2.5461e-06 9.6396e-06
1.1850e+02 1.3730e-06 9.2747e-06
1.1950e+02 4.1443e-07 8.4751e-06
1.2050e+02 -3.8528e-07 8.4107e-06
1.2150e+02 1.2371e-07 1.0308e-05
1.2250e+02 5.6415e-07 1.0601e-05
1.2350e+02 8.8277e-07 9.6190e-06
1.2450e+02 1.7012e-06 1.1074e-05
1.2550e+02 2.0443e-06 1.2998e-05
1.2650e+02 1.4382e-06 1.0929e-05
1.2750e+02 1.4374e-06 9.3398e-06
1.2850e+02 2.7233e-06 1.0924e-05
1.2950e+02 4.1400e-06 1.1000e-05
1.3050e+02 5.3567e-06 9.4373e-06
1.3150e+02 5.5885e-06 7.9069e-06
1.3250e+02 3.6747e-06 7.9460e-06
1.3350e+02 1.5238e-06 9.9127e-06
1.3450e+02 5.6671e-07 9.5782e-06
1.3550e+02 1.1476e-06 8.8644e-06
1.3650e+02 7.8872e-07 7.9931e-06
1.3750e+02 -1.4927e-06 8.6189e-06
1.3850e+02 -2.9158e-06 9.4595e-06
1.3950e+02 -1.2385e-06 9.6480e-06
1.4050e+02 3.5123e-07 1.1020e-05
1.4150e+02 -4.6313e-07 1.1153e-05
1.4250e+02 -1.8554e-07 1.0702e-05
1.4350e+02 1.6847e-06 1.0620e-05
1.4450e+02 2.5856e-06 1.0684e-05
1.4550e+02 1.5189e-06 1.0635e-05
1.4650e+02 -2.0948e-07 1.1244e-05
1.4750e+02 -3.6198e-07 1.1243e-05
1.4850e+02 -1.3860e-06 1.1987e-05
1.4950e+02 -3.3648e-06 1.1364e-05
1.5050e+02 -4.5130e-06 9.3670e-06
1.5150e+02 -3.0423e-06 1.0039e-05
1.5250e+02 -9.0666e-07 1.1557e-05
1.5350e+02 6.1339e-07 1.1616e-05
1.5450e+02 5.0903e-07 1.1591e-05
1.5550e+02 6.5918e-07 1.0980e-05
1.5650e+02 8.5169e-07 1.0351e-05
1.5750e+02 6.6431e-07 1.1112e-05
1.5850e+02 2.7311e-07 1.1051e-05
1.5950e+02 1.5592e-06 9.8177e-06
1.6050e+02 1.4019e-06 9.9515e-06
1.6150e+02 -1.6932e-06 1.0969e-05
1.6250e+02 -4.2686e-06 1.1118e-05
1.6350e+02 -3.3222e-06 1.0947e-05
1.6450e+02 -1.6545e-06 1.1013e-05
1.6550e+02 -5.8247e-07 1.1060e-05
1.6650e+02 -1.3062e-06 1.0554e-05
1.6750e+02 -2.3215e-06 1.0309e-05
1.6850e+02 -2.3404e-06 1.0499e-05
1.6950e+02 -2.4972e-06 1.0687e-05
1.7050e+02 -3.5441e-06 1.1683e-05
1.7150e+02 -3.0875e-06 1.1305e-05
1.7250e+02 -3.2104e-06 1.0761e-05
1.7350e+02 -4.8659e-06 1.2180e-05
1.7450e+02 -6.0650e-06 1.1907e-05
1.7550e+02 -6.0313e-06 1.0492e-05
1.7650e+02 -6.4876e-06 9.0237e-06
1.7750e+02 -5.9192e-06 9.3608e-06
1.7850e+02 -4.0262e-06 1.0521e-05
1.7950e+02 -3.5378e-06 1.0628e-05
1.8050e+02 -3.9402e-06 1.0280e-05
1.8150e+02 -2.9792e-06 8.7584e-06
1.8250e+02 -3.3136e-06 8.0372e-06
1.8350e+02 -5.4673e-06 8.9583e-06
1.8450e+02 -6.2168e-06 1.1515e-05
1.8550e+02 -4.9145e-06 1.1428e-05
1.8650e+02 -4.6133e-06 9.2662e-06
1.8750e+02 -5.9110e-06 9.4802e-06
1.8850e+02 -6.6564e-06 1.1222e-05
1.8950e+02 -4.5276e-06 1.1695e-05
1.9050e+02 -1.7898e-06 1.1278e-05
1.9150e+02 -1.8835e-06 1.0623e-05
1.9250e+02 -3.4750e-06 1.1906e-05
1.9350e+02 -2.6207e-06 1.2244e-05
1.9450e+02 -6.7337e-07 1.1203e-05
1.9550e+02 -6.4728e-08 1.0875e-05
1.9650e+02 -5.7097e-07 9.3577e-06
1.9750e+02 -1.8416e-06 9.3236e-06
1.9850e+02 -2.6084e-06 1.0281e-05
1.9950e+02 -1.9882e-06 1.0097e-05
2.0050e+02 -1.5678e-06 1.0129e-05
2.0150e+02 -1.5806e-06 1.0653e-05
2.0250e+02 -1.8725e-06 1.0562e-05
2.0350e+02 -2.2968e-06 1.1988e-05
2.0450e+02 -1.9993e-06 1.3261e-05
2.0550e+02 -5.1206e-07 1.3127e-05
2.0650e+02 2.0203e-06 1.2620e-05
2.0750e+02 1.4792e-06 1.2560e-05
2.0850e+02 -7.6231e-07 1.1526e-05
2.0950e+02 -1.2571e-06 9.9477e-06
2.1050e+02 -8.6000e-07 8.9310e-06
2.1150e+02 -2.0146e-06 8.4263e-06
2.1250e+02 -3.4378e-06 9.1716e-06
2.1350e+02 -3.4070e-06 1.0517e-05
2.1450e+02 -2.4278e-06 1.1178e-05
2.1550e+02 -1.5735e-06 1.1586e-05
2.1650e+02 -1.4277e-06 1.2388e-05
2.1750e+02 -2.7662e-06 1.2605e-05
2.1850e+02 -3.5097e-06 1.1858e-05
2.1950e+02 -2.6110e-06 1.1480e-05
2.2050e+02 -1.9275e-06 1.0293e-05
2.2150e+02 -1.8328e-06 9.7304e-06
2.2250e+02 -1.4549e-06 1.0570e-05
2.2350e+02 -1.7009e-06 1.0373e-05
2.2450e+02 -1.4105e-06 1.0820e-05
2.2550e+02 -1.2706e-06 1.1159e-05
2.2650e+02 -1.5494e-06 1.1815e-05
2.2750e+02 -3.7666e-07 1.2538e-05
2.2850e+02 1.5916e-06 1.2303e-05
2.2950e+02 1.8966e-06 1.1384e-05
2.3050e+02 1.8307e-06 1.0718e-05
2.3150e+02 2.6131e-06 1.0645e-05
2.3250e+02 2.1436e-06 1.0860e-05
2.3350e+02 -6.3658e-08 1.0484e-05
2.3450e+02 -1.5442e-06 1.1099e-05
2.3550e+02 -1.4467e-06 1.1644e-05
2.3650e+02 -1.8674e-06 1.1362e-05
2.3750e+02 -2.8819e-06 1.0406e-05
2.3850e+02 -2.0764e-06 1.1078e-05
2.3950e+02 5.2908e-07 1.1069e-05
2.4050e+02 2.7297e-06 1.1116e-05
2.4150e+02 2.5226e-06 1.0826e-05
2.4250e+02 1.2121e-06 1.0535e-05
2.4350e+02 8.3640e-07 1.0235e-05
2.4450e+02 1.2639e-06 1.1667e-05
2.4550e+02 2.0404e-06 1.3483e-05
2.4650e+02 2.3283e-06 1.2923e-05
2.4750e+02 9.4858e-07 1.0583e-05
2.4850e+02 -1.7054e-06 9.0976e-06
2.4950e+02 -2.1025e-06 9.6792e-06
2.5050e+02 4.5958e-08 1.0472e-05
2.5150e+02 1.8934e-06 1.1564e-05
2.5250e+02 2.0522e-06 1.1183e-05
2.5350e+02 1.9968e-06 9.7048e-06
2.5450e+02 1.4932e-06 1.0916e-05
2.5550e+02 3.7895e-07 1.1542e-05
2.5650e+02 6.6842e-07 1.0525e-05
2.5750e+02 1.7120e-06 1.0284e-05
2.5850e+02 9.5869e-07 1.1282e-05
2.5950e+02 -2.7567e-07 1.1276e-05
2.6050e+02 -9.5529e-07 1.1266e-05
2.6150e+02 -4.7048e-07 1.0901e-05
2.6250e+02 1.3945e-08 1.0829e-05
2.6350e+02 -6.2337e-08 1.0306e-05
2.6450e+02 -4.4939e-07 9.7024e-06
2.6550e+02 1.6639e-07 1.0130e-05
2.6650e+02 1.9252e-06 1.1200e-05
2.6750e+02 3.1533e-06 1.2524e-05
2.6850e+02 3.5094e-06 1.2509e-05
2.6950e+02 3.0287e-06 1.1538e-05
2.7050e+02 1.7626e-06 1.1072e-05
2.7150e+02 4.0586e-07 1.1042e-05
2.7250e+02 -6.3279e-09 1.0101e-05
2.7350e+02 -3.0948e-07 9.5936e-06
2.7450e+02 -4.9505e-07 1.1430e-05
2.7550e+02 -5.8107e-07 1.2227e-05
2.7650e+02 -2.9253e-07 1.1881e-05
2.7750e+02 -7.8089e-08 1.1118e-05
2.7850e+02 -8.6462e-07 9.9274e-06
2.7950e+02 -1.2359e-06 1.0076e-05
2.8050e+02 -3.1270e-07 1.0421e-05
2.8150e+02 7.2952e-07 1.0621e-05
2.8250e+02 7.3685e-07 1.1487e-05
2.8350e+02 3.4584e-07 1.0897e-05
2.8450e+02 6.8794e-07 1.0164e-05
2.8550e+02 1.2938e-06 1.0179e-05
2.8650e+02 1.8201e-06 9.7397e-06
2.8750e+02 1.8150e-06 9.8636e-06
2.8850e+02 1.6389e-06 1.0907e-05
2.8950e+02 2.4131e-06 1.1415e-05
2.9050e+02 2.4124e-06 1.1039e-05
2.9150e+02 2.0813e-06 1.0956e-05
2.9250e+02 1.9948e-06 1.2384e-05
2.9350e+02 2.2566e-06 1.3140e-05
2.9450e+02 2.4303e-06 1.2155e-05
2.9550e+02 1.7416e-06 1.1655e-05
2.9650e+02 1.3840e-06 1.1699e-05
2.9750e+02 1.0237e-06 1.0832e-05
2.9850e+02 1.1742e-06 9.3133e-06
2.9950e+02 1.4482e-06 9.2548e-06
