1.0000e+00 3.8653e-03 1.5190e-04
2.0000e+00 3.8378e-03 2.4802e-04
3.0000e+00 3.7872e-03 3.2359e-04
4.0000e+00 3.6706e-03 3.4192e-04
5.0000e+00 3.5292e-03 3.2160e-04
6.0000e+00 3.3118e-03 2.6974e-04
7.0000e+00 3.0113e-03 2.1924e-04
8.0000e+00 2.6960e-03 2.0362e-04
9.0000e+00 2.4249e-03 2.1981e-04
1.0000e+01 2.2705e-03 2.1948e-04
1.1000e+01 2.2431e-03 1.7489e-04
1.2000e+01 2.2978e-03 1.1940e-04
1.3000e+01 2.3739e-03 9.6507e-05
1.4000e+01 2.4168e-03 8.7057e-05
1.5000e+01 2.4141e-03 7.2791e-05
1.6000e+01 2.3667e-03 6.1357e-05
1.7000e+01 2.2945e-03 5.7635e-05
1.8000e+01 2.2151e-03 5.5219e-05
1.9000e+01 2.1362e-03 4.9934e-05
2.0000e+01 2.0676e-03 4.3022e-05
2.1000e+01 2.0128e-03 3.7943e-05
2.2000e+01 1.9705e-03 3.8032e-05
2.3000e+01 1.9367e-03 4.0301e-05
2.4000e+01 1.9054e-03 4.1519e-05
2.5000e+01 1.8725e-03 4.0916e-05
2.6000e+01 1.8341e-03 3.7797e-05
2.7000e+01 1.7909e-03 3.5213e-05
2.8000e+01 1.7444e-03 3.5783e-05
2.9000e+01 1.6963e-03 4.1193e-05
3.0000e+01 1.6441e-03 5.0998e-05
3.1000e+01 1.5859e-03 6.1001e-05
3.2000e+01 1.5181e-03 7.1177e-05
3.3000e+01 1.4334e-03 7.8674e-05
3.4000e+01 1.3248e-03 8.4694e-05
3.5000e+01 1.1910e-03 8.7879e-05
3.6000e+01 1.0336e-03 8.4230e-05
3.7000e+01 8.6025e-04 7.7875e-05
3.8000e+01 6.8310e-04 7.5311e-05
3.9000e+01 5.1555e-04 8.0285e-05
4.0000e+01 3.6949e-04 8.7611e-05
4.1000e+01 2.5187e-04 9.0183e-05
4.2000e+01 1.6537e-04 8.5576e-05
4.3000e+01 1.0857e-04 7.3011e-05
4.4000e+01 7.3427e-05 5.6298e-05
4.5000e+01 5.1909e-05 4.2015e-05
4.6000e+01 3.7132e-05 3.1826e-05
4.7000e+01 2.7681e-05 2.8387e-05
4.8000e+01 2.5042e-05 2.8477e-05
4.9000e+01 2.8661e-05 3.0057e-05
5.0000e+01 3.8995e-05 3.0797e-05
5.1000e+01 5.4373e-05 3.1966e-05
5.2000e+01 7.4221e-05 3.4593e-05
5.3000e+01 9.8219e-05 4.2173e-05
5.4000e+01 1.2596e-04 5.1926e-05
5.5000e+01 1.5810e-04 6.2104e-05
5.6000e+01 1.9416e-04 6.8729e-05
5.7000e+01 2.3604e-04 7.2054e-05
5.8000e+01 2.8294e-04 7.1092e-05
5.9000e+01 3.3526e-04 6.9366e-05
6.0000e+01 3.9245e-04 6.8609e-05
6.1000e+01 4.5727e-04 6.7489e-05
6.2000e+01 5.2864e-04 6.4597e-05
6.3000e+01 6.0218e-04 6.0645e-05
6.4000e+01 6.7165e-04 6.3389e-05
6.5000e+01 7.2773e-04 7.5273e-05
6.6000e+01 7.6098e-04 8.6337e-05
6.7000e+01 7.6821e-04 8.8761e-05
6.8000e+01 7.5357e-04 8.4920e-05
6.9000e+01 7.2840e-04 8.0886e-05
7.0000e+01 6.9450e-04 7.7294e-05
7.1000e+01 6.5518e-04 7.2865e-05
7.2000e+01 6.0993e-04 6.7324e-05
7.3000e+01 5.5800e-04 6.2717e-05
7.4000e+01 5.0248e-04 5.9829e-05
7.5000e+01 4.4451e-04 5.8486e-05
7.6000e+01 3.8655e-04 5.6834e-05
7.7000e+01 3.3081e-04 5.3933e-05
7.8000e+01 2.7682e-04 5.0689e-05
7.9000e+01 2.2703e-04 4.7708e-05
8.0000e+01 1.8188e-04 4.5808e-05
8.1000e+01 1.4263e-04 4.4243e-05
8.2000e+01 1.1160e-04 4.0893e-05
8.3000e+01 8.9197e-05 3.6828e-05
8.4000e+01 7.5389e-05 3.3862e-05
8.5000e+01 6.8105e-05 3.2400e-05
8.6000e+01 6.6317e-05 3.2756e-05
8.7000e+01 6.9094e-05 3.3538e-05
8.8000e+01 7.6771e-05 3.3973e-05
8.9000e+01 8.7897e-05 3.4678e-05
9.0000e+01 1.0246e-04 3.6792e-05
9.1000e+01 1.2158e-04 4.1119e-05
9.2000e+01 1.4821e-04 4.6748e-05
9.3000e+01 1.8366e-04 5.1487e-05
9.4000e+01 2.2879e-04 5.3710e-05
9.5000e+01 2.7986e-04 5.4507e-05
9.6000e+01 3.3112e-04 5.2787e-05
9.7000e+01 3.7847e-04 4.7689e-05
9.8000e+01 4.1594e-04 4.0926e-05
9.9000e+01 4.3880e-04 3.5444e-05
1.0000e+02 4.4490e-04 3.3588e-05
1.0100e+02 4.3377e-04 3.4966e-05
1.0200e+02 4.0875e-04 3.7800e-05
1.0300e+02 3.7514e-04 4.0901e-05
1.0400e+02 3.3932e-04 4.2670e-05
1.0500e+02 3.0494e-04 4.2431e-05
1.0600e+02 2.7366e-04 4.1345e-05
1.0700e+02 2.4695e-04 3.9550e-05
1.0800e+02 2.2286e-04 3.6667e-05
1.0900e+02 2.0199e-04 3.3149e-05
1.1000e+02 1.8292e-04 2.9875e-05
1.1100e+02 1.6547e-04 2.7436e-05
1.1200e+02 1.4971e-04 2.5242e-05
1.1300e+02 1.3619e-04 2.4420e-05
1.1400e+02 1.2439e-04 2.4542e-05
1.1500e+02 1.1478e-04 2.4453e-05
1.1600e+02 1.0615e-04 2.4797e-05
1.1700e+02 9.8008e-05 2.5217e-05
1.1800e+02 9.0481e-05 2.5328e-05
1.1900e+02 8.3306e-05 2.5640e-05
1.2000e+02 7.7137e-05 2.6287e-05
1.2100e+02 7.2179e-05 2.5822e-05
1.2200e+02 6.7881e-05 2.4117e-05
1.2300e+02 6.3395e-05 2.2747e-05
1.2400e+02 5.8717e-05 2.3236e-05
1.2500e+02 5.4313e-05 2.4492e-05
1.2600e+02 5.0498e-05 2.4904e-05
1.2700e+02 4.8443e-05 2.4598e-05
1.2800e+02 4.7677e-05 2.4284e-05
1.2900e+02 4.7810e-05 2.3961e-05
1.3000e+02 4.8068e-05 2.3770e-05
1.3100e+02 4.7476e-05 2.3695e-05
1.3200e+02 4.6248e-05 2.3308e-05
1.3300e+02 4.4658e-05 2.3179e-05
1.3400e+02 4.3568e-05 2.3758e-05
1.3500e+02 4.3494e-05 2.4683e-05
1.3600e+02 4.3232e-05 2.5524e-05
1.3700e+02 4.1901e-05 2.6143e-05
1.3800e+02 3.9950e-05 2.6341e-05
1.3900e+02 3.6865e-05 2.5135e-05
1.4000e+02 3.4481e-05 2.3656e-05
1.4100e+02 3.2496e-05 2.3584e-05
1.4200e+02 3.1291e-05 2.3803e-05
1.4300e+02 3.0890e-05 2.2716e-05
1.4400e+02 3.0904e-05 2.1704e-05
1.4500e+02 3.1614e-05 2.1905e-05
1.4600e+02 3.2254e-05 2.3130e-05
1.4700e+02 3.2063e-05 2.4232e-05
1.4800e+02 3.1358e-05 2.4168e-05
1.4900e+02 3.1366e-05 2.2829e-05
1.5000e+02 3.2838e-05 2.1744e-05
1.5100e+02 3.5527e-05 2.1813e-05
1.5200e+02 3.8150e-05 2.2672e-05
1.5300e+02 4.0067e-05 2.3345e-05
1.5400e+02 4.1324e-05 2.3982e-05
1.5500e+02 4.2215e-05 2.4041e-05
1.5600e+02 4.2704e-05 2.3708e-05
1.5700e+02 4.2562e-05 2.3220e-05
1.5800e+02 4.1964e-05 2.3750e-05
1.5900e+02 4.1454e-05 2.4126e-05
1.6000e+02 4.1624e-05 2.3662e-05
1.6100e+02 4.1896e-05 2.3142e-05
1.6200e+02 4.1914e-05 2.3118e-05
1.6300e+02 4.0809e-05 2.3411e-05
1.6400e+02 3.9213e-05 2.3895e-05
1.6500e+02 3.7816e-05 2.3702e-05
1.6600e+02 3.7361e-05 2.2754e-05
1.6700e+02 3.7238e-05 2.2145e-05
1.6800e+02 3.6426e-05 2.2884e-05
1.6900e+02 3.4479e-05 2.4225e-05
1.7000e+02 3.2298e-05 2.4647e-05
1.7100e+02 3.1179e-05 2.4393e-05
1.7200e+02 3.0538e-05 2.3993e-05
1.7300e+02 3.0414e-05 2.3784e-05
1.7400e+02 3.0066e-05 2.3525e-05
1.7500e+02 2.8473e-05 2.3763e-05
1.7600e+02 2.6150e-05 2.4104e-05
1.7700e+02 2.3857e-05 2.3921e-05
1.7800e+02 2.1979e-05 2.2842e-05
1.7900e+02 2.0471e-05 2.1297e-05
1.8000e+02 1.9370e-05 2.1087e-05
1.8100e+02 1.8483e-05 2.2452e-05
1.8200e+02 1.8133e-05 2.3831e-05
1.8300e+02 1.7950e-05 2.4037e-05
1.8400e+02 1.8188e-05 2.3370e-05
1.8500e+02 1.8766e-05 2.3153e-05
1.8600e+02 1.9131e-05 2.3563e-05
1.8700e+02 1.9346e-05 2.3780e-05
1.8800e+02 1.8969e-05 2.3598e-05
1.8900e+02 1.8218e-05 2.3391e-05
1.9000e+02 1.6992e-05 2.3421e-05
1.9100e+02 1.5661e-05 2.3298e-05
1.9200e+02 1.4661e-05 2.3549e-05
1.9300e+02 1.3972e-05 2.3841e-05
1.9400e+02 1.3793e-05 2.3330e-05
1.9500e+02 1.3525e-05 2.1783e-05
1.9600e+02 1.3190e-05 2.0738e-05
1.9700e+02 1.2539e-05 2.1004e-05
1.9800e+02 1.2140e-05 2.2370e-05
1.9900e+02 1.2238e-05 2.3852e-05
2.0000e+02 1.2769e-05 2.4162e-05
