5.0000e-01 7.0667e-03 2.1979e-05
1.5000e+00 6.8698e-03 9.5803e-05
2.5000e+00 6.5135e-03 1.6022e-04
3.5000e+00 6.0475e-03 2.1687e-04
4.5000e+00 5.5051e-03 2.5352e-04
5.5000e+00 4.9838e-03 2.6860e-04
6.5000e+00 4.4862e-03 2.5920e-04
7.5000e+00 4.0449e-03 2.3598e-04
8.5000e+00 3.6444e-03 1.9340e-04
9.5000e+00 3.2929e-03 1.5828e-04
1.0500e+01 2.9774e-03 1.3405e-04
1.1500e+01 2.6810e-03 1.1076e-04
1.2500e+01 2.4079e-03 9.4864e-05
1.3500e+01 2.1602e-03 9.3815e-05
1.4500e+01 1.9382e-03 9.0314e-05
1.5500e+01 1.7406e-03 8.5525e-05
1.6500e+01 1.5687e-03 8.4921e-05
1.7500e+01 1.4248e-03 8.2716e-05
1.8500e+01 1.3079e-03 7.2752e-05
1.9500e+01 1.2050e-03 6.5430e-05
2.0500e+01 1.1245e-03 5.8031e-05
2.1500e+01 1.0548e-03 4.7860e-05
2.2500e+01 9.8761e-04 4.1618e-05
2.3500e+01 9.2366e-04 3.6786e-05
2.4500e+01 8.6044e-04 3.4130e-05
2.5500e+01 7.9821e-04 3.3529e-05
2.6500e+01 7.3676e-04 3.5598e-05
2.7500e+01 6.7744e-04 4.0438e-05
2.8500e+01 6.2283e-04 4.6955e-05
2.9500e+01 5.7471e-04 5.2438e-05
3.0500e+01 5.3036e-04 5.6121e-05
3.1500e+01 4.9201e-04 5.8107e-05
3.2500e+01 4.6043e-04 6.0874e-05
3.3500e+01 4.3113e-04 6.3166e-05
3.4500e+01 4.0638e-04 6.6251e-05
3.5500e+01 3.8414e-04 6.8888e-05
3.6500e+01 3.6616e-04 7.1229e-05
3.7500e+01 3.4808e-04 7.2056e-05
3.8500e+01 3.3469e-04 7.1444e-05
3.9500e+01 3.2304e-04 7.0532e-05
4.0500e+01 3.1370e-04 6.7812e-05
4.1500e+01 3.0509e-04 6.5778e-05
4.2500e+01 2.9982e-04 6.2923e-05
4.3500e+01 2.9487e-04 6.0216e-05
4.4500e+01 2.9089e-04 5.6469e-05
4.5500e+01 2.8827e-04 5.4014e-05
4.6500e+01 2.8469e-04 5.0772e-05
4.7500e+01 2.7993e-04 4.8084e-05
4.8500e+01 2.7628e-04 4.6100e-05
4.9500e+01 2.7033e-04 4.4868e-05
5.0500e+01 2.6453e-04 4.6648e-05
5.1500e+01 2.5857e-04 4.8252e-05
5.2500e+01 2.5019e-04 5.2699e-05
5.3500e+01 2.4206e-04 5.6939e-05
5.4500e+01 2.3519e-04 5.9710e-05
5.5500e+01 2.2713e-04 6.3695e-05
5.6500e+01 2.2111e-04 6.5113e-05
5.7500e+01 2.1660e-04 6.5448e-05
5.8500e+01 2.1274e-04 6.4838e-05
5.9500e+01 2.0934e-04 6.2368e-05
6.0500e+01 2.0792e-04 5.9347e-05
6.1500e+01 2.0678e-04 5.6094e-05
6.2500e+01 2.0639e-04 5.1925e-05
6.3500e+01 2.0699e-04 4.7751e-05
6.4500e+01 2.0736e-04 4.3348e-05
6.5500e+01 2.0881e-04 3.9078e-05
6.6500e+01 2.1064e-04 3.4932e-05
6.7500e+01 2.1025e-04 3.1382e-05
6.8500e+01 2.0862e-04 2.7924e-05
6.9500e+01 2.0606e-04 2.4481e-05
7.0500e+01 2.0174e-04 2.1223e-05
7.1500e+01 1.9643e-04 1.8441e-05
7.2500e+01 1.9121e-04 1.6624e-05
7.3500e+01 1.8594e-04 1.5912e-05
7.4500e+01 1.8085e-04 1.6508e-05
7.5500e+01 1.7574e-04 1.8179e-05
7.6500e+01 1.7036e-04 2.0394e-05
7.7500e+01 1.6435e-04 2.2804e-05
7.8500e+01 1.5770e-04 2.5572e-05
7.9500e+01 1.5006e-04 2.8092e-05
8.0500e+01 1.4279e-04 3.0503e-05
8.1500e+01 1.3545e-04 3.1967e-05
8.2500e+01 1.2847e-04 3.2679e-05
8.3500e+01 1.2314e-04 3.3109e-05
8.4500e+01 1.1934e-04 3.2798e-05
8.5500e+01 1.1550e-04 3.2208e-05
8.6500e+01 1.1416e-04 3.1624e-05
8.7500e+01 1.1283e-04 3.1087e-05
8.8500e+01 1.1219e-04 3.0976e-05
8.9500e+01 1.1206e-04 3.0772e-05
9.0500e+01 1.1317e-04 3.0928e-05
9.1500e+01 1.1469e-04 3.0446e-05
9.2500e+01 1.1754e-04 3.0221e-05
9.3500e+01 1.2008e-04 2.8536e-05
9.4500e+01 1.2359e-04 2.6618e-05
9.5500e+01 1.2645e-04 2.5288e-05
9.6500e+01 1.2877e-04 2.4123e-05
9.7500e+01 1.3004e-04 2.3835e-05
9.8500e+01 1.3042e-04 2.4248e-05
9.9500e+01 1.2995e-04 2.4635e-05
1.0050e+02 1.2749e-04 2.5131e-05
1.0150e+02 1.2448e-04 2.5126e-05
1.0250e+02 1.2023e-04 2.4897e-05
1.0350e+02 1.1510e-04 2.3621e-05
1.0450e+02 1.0945e-04 2.2294e-05
1.0550e+02 1.0358e-04 2.0883e-05
1.0650e+02 9.7696e-05 1.9461e-05
1.0750e+02 9.1743e-05 1.8404e-05
1.0850e+02 8.5943e-05 1.7541e-05
1.0950e+02 8.1189e-05 1.7053e-05
1.1050e+02 7.6696e-05 1.6382e-05
1.1150e+02 7.2824e-05 1.5940e-05
1.1250e+02 7.0203e-05 1.5475e-05
1.1350e+02 6.7953e-05 1.5137e-05
1.1450e+02 6.6218e-05 1.4812e-05
1.1550e+02 6.5060e-05 1.4540e-05
1.1650e+02 6.3803e-05 1.4912e-05
1.1750e+02 6.3394e-05 1.5414e-05
1.1850e+02 6.3544e-05 1.5775e-05
1.1950e+02 6.4224e-05 1.6464e-05
1.2050e+02 6.6018e-05 1.6931e-05
1.2150e+02 6.8478e-05 1.6824e-05
1.2250e+02 7.1140e-05 1.7003e-05
1.2350e+02 7.4241e-05 1.7042e-05
1.2450e+02 7.7186e-05 1.6914e-05
1.2550e+02 8.0238e-05 1.6910e-05
1.2650e+02 8.3026e-05 1.7074e-05
1.2750e+02 8.6011e-05 1.7075e-05
1.2850e+02 8.8621e-05 1.6904e-05
1.2950e+02 9.0924e-05 1.6509e-05
1.3050e+02 9.2723e-05 1.5820e-05
1.3150e+02 9.4054e-05 1.5045e-05
1.3250e+02 9.5161e-05 1.4478e-05
1.3350e+02 9.6087e-05 1.4207e-05
1.3450e+02 9.6827e-05 1.4257e-05
1.3550e+02 9.6991e-05 1.4355e-05
1.3650e+02 9.6194e-05 1.4394e-05
1.3750e+02 9.4877e-05 1.4675e-05
1.3850e+02 9.2771e-05 1.5134e-05
1.3950e+02 9.0458e-05 1.5643e-05
1.4050e+02 8.8119e-05 1.6075e-05
1.4150e+02 8.5690e-05 1.5962e-05
1.4250e+02 8.3244e-05 1.5660e-05
1.4350e+02 8.0533e-05 1.5627e-05
1.4450e+02 7.7900e-05 1.5841e-05
1.4550e+02 7.4970e-05 1.6321e-05
1.4650e+02 7.1957e-05 1.6868e-05
1.4750e+02 6.9419e-05 1.7102e-05
1.4850e+02 6.7131e-05 1.7031e-05
1.4950e+02 6.5172e-05 1.6792e-05
1.5050e+02 6.3751e-05 1.6164e-05
1.5150e+02 6.2560e-05 1.5789e-05
1.5250e+02 6.1801e-05 1.5652e-05
1.5350e+02 6.1045e-05 1.5582e-05
1.5450e+02 6.0879e-05 1.6220e-05
1.5550e+02 6.0638e-05 1.6951e-05
1.5650e+02 6.0679e-05 1.7627e-05
1.5750e+02 6.0813e-05 1.8283e-05
1.5850e+02 6.0702e-05 1.8635e-05
1.5950e+02 6.0486e-05 1.8881e-05
1.6050e+02 6.0426e-05 1.9109e-05
1.6150e+02 6.0208e-05 1.9195e-05
1.6250e+02 5.9842e-05 1.9235e-05
1.6350e+02 5.9358e-05 1.9349e-05
1.6450e+02 5.8737e-05 1.8946e-05
1.6550e+02 5.7519e-05 1.8501e-05
1.6650e+02 5.5941e-05 1.7788e-05
1.6750e+02 5.4429e-05 1.7322e-05
1.6850e+02 5.2605e-05 1.7047e-05
1.6950e+02 5.1065e-05 1.7069e-05
1.7050e+02 4.9960e-05 1.7425e-05
1.7150e+02 4.8747e-05 1.7339e-05
1.7250e+02 4.7750e-05 1.6759e-05
1.7350e+02 4.7016e-05 1.6471e-05
1.7450e+02 4.5935e-05 1.6195e-05
1.7550e+02 4.4834e-05 1.5818e-05
1.7650e+02 4.4043e-05 1.6236e-05
1.7750e+02 4.3334e-05 1.6292e-05
1.7850e+02 4.2336e-05 1.6377e-05
1.7950e+02 4.2034e-05 1.6538e-05
1.8050e+02 4.1801e-05 1.6588e-05
1.8150e+02 4.1937e-05 1.6444e-05
1.8250e+02 4.2616e-05 1.6560e-05
1.8350e+02 4.3686e-05 1.6431e-05
1.8450e+02 4.4782e-05 1.6398e-05
1.8550e+02 4.5753e-05 1.6203e-05
1.8650e+02 4.6121e-05 1.6016e-05
1.8750e+02 4.6089e-05 1.5715e-05
1.8850e+02 4.5433e-05 1.5178e-05
1.8950e+02 4.4684e-05 1.5152e-05
1.9050e+02 4.3786e-05 1.4851e-05
1.9150e+02 4.2374e-05 1.4516e-05
1.9250e+02 4.1520e-05 1.4249e-05
1.9350e+02 4.0825e-05 1.3883e-05
1.9450e+02 4.0160e-05 1.3438e-05
1.9550e+02 3.9973e-05 1.3248e-05
1.9650e+02 3.9888e-05 1.2902e-05
1.9750e+02 3.9816e-05 1.2695e-05
1.9850e+02 3.9758e-05 1.2637e-05
1.9950e+02 3.9524e-05 1.2717e-05
2.0050e+02 3.9223e-05 1.3063e-05
2.0150e+02 3.8907e-05 1.3518e-05
2.0250e+02 3.8707e-05 1.4193e-05
2.0350e+02 3.8697e-05 1.4871e-05
2.0450e+02 3.8486e-05 1.5444e-05
2.0550e+02 3.8228e-05 1.5773e-05
2.0650e+02 3.8117e-05 1.5781e-05
2.0750e+02 3.8013e-05 1.5625e-05
2.0850e+02 3.8285e-05 1.5415e-05
2.0950e+02 3.8667e-05 1.5287e-05
2.1050e+02 3.8957e-05 1.5394e-05
2.1150e+02 3.9365e-05 1.5672e-05
2.1250e+02 3.9167e-05 1.6004e-05
2.1350e+02 3.8851e-05 1.6073e-05
2.1450e+02 3.8712e-05 1.6209e-05
2.1550e+02 3.8383e-05 1.6161e-05
2.1650e+02 3.8096e-05 1.5832e-05
2.1750e+02 3.7644e-05 1.5560e-05
2.1850e+02 3.7347e-05 1.5559e-05
2.1950e+02 3.6796e-05 1.5541e-05
2.2050e+02 3.6325e-05 1.5680e-05
2.2150e+02 3.6093e-05 1.5333e-05
2.2250e+02 3.5981e-05 1.5011e-05
2.2350e+02 3.6247e-05 1.4646e-05
2.2450e+02 3.6458e-05 1.4730e-05
2.2550e+02 3.6649e-05 1.4972e-05
2.2650e+02 3.6781e-05 1.5413e-05
2.2750e+02 3.6996e-05 1.5478e-05
2.2850e+02 3.7042e-05 1.5326e-05
2.2950e+02 3.6994e-05 1.4909e-05
2.3050e+02 3.6758e-05 1.4696e-05
2.3150e+02 3.6493e-05 1.4387e-05
2.3250e+02 3.5850e-05 1.4372e-05
2.3350e+02 3.5254e-05 1.4448e-05
2.3450e+02 3.4479e-05 1.4537e-05
2.3550e+02 3.4000e-05 1.4609e-05
2.3650e+02 3.3587e-05 1.4798e-05
2.3750e+02 3.3206e-05 1.4909e-05
2.3850e+02 3.2890e-05 1.4840e-05
2.3950e+02 3.2458e-05 1.4904e-05
2.4050e+02 3.2077e-05 1.4781e-05
2.4150e+02 3.1242e-05 1.4742e-05
2.4250e+02 3.0467e-05 1.4775e-05
2.4350e+02 2.9869e-05 1.4953e-05
2.4450e+02 2.9202e-05 1.5151e-05
2.4550e+02 2.8520e-05 1.5244e-05
2.4650e+02 2.8192e-05 1.5401e-05
2.4750e+02 2.7885e-05 1.5526e-05
2.4850e+02 2.7606e-05 1.5549e-05
2.4950e+02 2.7437e-05 1.5555e-05
2.5050e+02 2.7267e-05 1.5410e-05
2.5150e+02 2.7269e-05 1.5326e-05
2.5250e+02 2.7345e-05 1.5331e-05
2.5350e+02 2.7389e-05 1.5361e-05
2.5450e+02 2.7426e-05 1.5267e-05
2.5550e+02 2.7499e-05 1.5221e-05
2.5650e+02 2.7408e-05 1.4971e-05
2.5750e+02 2.7338e-05 1.4644e-05
2.5850e+02 2.6924e-05 1.4181e-05
2.5950e+02 2.6697e-05 1.3755e-05
2.6050e+02 2.6438e-05 1.3747e-05
2.6150e+02 2.5643e-05 1.3620e-05
2.6250e+02 2.5067e-05 1.3652e-05
2.6350e+02 2.4572e-05 1.4112e-05
2.6450e+02 2.3749e-05 1.4020e-05
2.6550e+02 2.3054e-05 1.3939e-05
2.6650e+02 2.2355e-05 1.3756e-05
2.6750e+02 2.1731e-05 1.3587e-05
2.6850e+02 2.1174e-05 1.3624e-05
2.6950e+02 2.0609e-05 1.3884e-05
2.7050e+02 2.0069e-05 1.4121e-05
2.7150e+02 1.9498e-05 1.4372e-05
2.7250e+02 1.8849e-05 1.4484e-05
2.7350e+02 1.8125e-05 1.4096e-05
2.7450e+02 1.7505e-05 1.3586e-05
2.7550e+02 1.6822e-05 1.3268e-05
2.7650e+02 1.6021e-05 1.3007e-05
2.7750e+02 1.5252e-05 1.3076e-05
2.7850e+02 1.4431e-05 1.3220e-05
2.7950e+02 1.3542e-05 1.3336e-05
2.8050e+02 1.2961e-05 1.3371e-05
2.8150e+02 1.2559e-05 1.3362e-05
2.8250e+02 1.2145e-05 1.3454e-05
2.8350e+02 1.1808e-05 1.3580e-05
2.8450e+02 1.1637e-05 1.3754e-05
2.8550e+02 1.1377e-05 1.4111e-05
2.8650e+02 1.1130e-05 1.4486e-05
2.8750e+02 1.0734e-05 1.4896e-05
2.8850e+02 1.0494e-05 1.5286e-05
2.8950e+02 9.9295e-06 1.5484e-05
2.9050e+02 9.6480e-06 1.5857e-05
2.9150e+02 9.2910e-06 1.5936e-05
2.9250e+02 8.9172e-06 1.5889e-05
2.9350e+02 8.6422e-06 1.5605e-05
2.9450e+02 8.1876e-06 1.5298e-05
2.9550e+02 7.8934e-06 1.5077e-05
2.9650e+02 7.3806e-06 1.4724e-05
2.9750e+02 7.0010e-06 1.4511e-05
2.9850e+02 6.5945e-06 1.4284e-05
2.9950e+02 6.1724e-06 1.4526e-05
