1.0000e+00 1.7596e-03 2.0530e-05
2.0000e+00 1.7142e-03 4.0374e-05
3.0000e+00 1.6593e-03 4.5424e-05
4.0000e+00 1.5938e-03 4.3700e-05
5.0000e+00 1.5375e-03 3.8204e-05
6.0000e+00 1.4983e-03 2.5013e-05
7.0000e+00 1.4639e-03 1.9815e-05
8.0000e+00 1.4480e-03 1.3473e-05
9.0000e+00 1.4358e-03 8.6182e-06
1.0000e+01 1.4274e-03 8.4950e-06
1.1000e+01 1.4187e-03 9.8168e-06
1.2000e+01 1.4090e-03 1.2642e-05
1.3000e+01 1.3954e-03 9.3202e-06
1.4000e+01 1.3811e-03 6.2965e-06
1.5000e+01 1.3644e-03 8.9976e-06
1.6000e+01 1.3457e-03 1.3205e-05
1.7000e+01 1.3282e-03 1.4316e-05
1.8000e+01 1.3116e-03 1.1581e-05
1.9000e+01 1.2943e-03 8.7537e-06
2.0000e+01 1.2752e-03 1.1928e-05
2.1000e+01 1.2501e-03 1.3955e-05
2.2000e+01 1.2201e-03 1.6942e-05
2.3000e+01 1.1885e-03 1.6261e-05
2.4000e+01 1.1570e-03 1.4844e-05
2.5000e+01 1.1240e-03 1.4956e-05
2.6000e+01 1.0931e-03 1.6838e-05
2.7000e+01 1.0644e-03 1.9465e-05
2.8000e+01 1.0407e-03 2.0698e-05
2.9000e+01 1.0186e-03 2.3245e-05
3.0000e+01 1.0040e-03 2.4080e-05
3.1000e+01 9.9544e-04 2.4013e-05
3.2000e+01 9.8776e-04 2.2350e-05
3.3000e+01 9.8469e-04 2.1457e-05
3.4000e+01 9.8263e-04 2.0950e-05
3.5000e+01 9.8248e-04 2.1684e-05
3.6000e+01 9.8127e-04 2.4433e-05
3.7000e+01 9.7706e-04 2.9203e-05
3.8000e+01 9.7107e-04 3.2212e-05
3.9000e+01 9.6097e-04 3.3367e-05
4.0000e+01 9.5269e-04 3.0703e-05
4.1000e+01 9.4219e-04 2.3345e-05
4.2000e+01 9.3110e-04 1.9529e-05
4.3000e+01 9.1565e-04 1.4923e-05
4.4000e+01 8.9740e-04 1.5328e-05
4.5000e+01 8.7446e-04 1.7121e-05
4.6000e+01 8.4793e-04 1.7315e-05
4.7000e+01 8.1985e-04 1.7685e-05
4.8000e+01 7.9004e-04 2.0959e-05
4.9000e+01 7.6053e-04 2.3149e-05
5.0000e+01 7.3203e-04 2.1591e-05
5.1000e+01 7.0125e-04 2.0196e-05
5.2000e+01 6.7266e-04 1.9320e-05
5.3000e+01 6.4743e-04 1.9830e-05
5.4000e+01 6.2273e-04 2.0543e-05
5.5000e+01 5.9946e-04 2.2183e-05
5.6000e+01 5.7846e-04 2.7712e-05
5.7000e+01 5.5712e-04 3.0968e-05
5.8000e+01 5.3143e-04 3.2390e-05
5.9000e+01 5.0649e-04 3.1769e-05
6.0000e+01 4.8207e-04 2.8742e-05
6.1000e+01 4.5791e-04 2.6470e-05
6.2000e+01 4.3736e-04 2.4218e-05
6.3000e+01 4.1557e-04 2.1931e-05
6.4000e+01 3.9458e-04 1.9698e-05
6.5000e+01 3.7691e-04 1.7597e-05
6.6000e+01 3.5951e-04 1.6091e-05
6.7000e+01 3.4551e-04 1.6650e-05
6.8000e+01 3.3256e-04 1.6135e-05
6.9000e+01 3.1995e-04 1.5948e-05
7.0000e+01 3.0564e-04 1.7210e-05
7.1000e+01 2.8917e-04 1.8807e-05
7.2000e+01 2.7223e-04 2.0176e-05
7.3000e+01 2.5477e-04 2.0197e-05
7.4000e+01 2.3814e-04 1.8740e-05
7.5000e+01 2.2055e-04 1.7192e-05
7.6000e+01 2.0216e-04 1.6711e-05
7.7000e+01 1.8448e-04 1.6344e-05
7.8000e+01 1.6599e-04 1.5555e-05
7.9000e+01 1.4962e-04 1.4670e-05
8.0000e+01 1.3473e-04 1.3249e-05
8.1000e+01 1.2295e-04 1.2148e-05
8.2000e+01 1.1370e-04 1.1580e-05
8.3000e+01 1.0646e-04 1.0884e-05
8.4000e+01 9.9161e-05 1.0534e-05
8.5000e+01 9.2371e-05 9.8613e-06
8.6000e+01 8.5381e-05 8.9518e-06
8.7000e+01 7.9316e-05 8.8439e-06
8.8000e+01 7.5601e-05 1.1088e-05
8.9000e+01 7.4510e-05 1.4157e-05
9.0000e+01 7.3039e-05 1.7477e-05
9.1000e+01 7.2159e-05 1.8602e-05
9.2000e+01 6.8398e-05 1.7860e-05
9.3000e+01 6.2394e-05 1.5275e-05
9.4000e+01 5.4108e-05 1.2848e-05
9.5000e+01 4.5863e-05 1.1990e-05
9.6000e+01 3.8990e-05 1.2524e-05
9.7000e+01 3.3697e-05 1.3044e-05
9.8000e+01 3.0734e-05 1.2534e-05
9.9000e+01 3.0766e-05 1.1745e-05
1.0000e+02 3.1381e-05 1.2437e-05
1.0100e+02 3.2176e-05 1.3581e-05
1.0200e+02 3.0432e-05 1.4548e-05
1.0300e+02 2.5446e-05 1.3350e-05
1.0400e+02 2.0351e-05 1.2665e-05
1.0500e+02 1.3907e-05 1.1675e-05
1.0600e+02 8.0618e-06 1.2761e-05
1.0700e+02 4.9622e-06 1.4779e-05
1.0800e+02 2.9034e-06 1.5434e-05
1.0900e+02 2.2054e-06 1.4844e-05
1.1000e+02 2.2755e-06 1.4021e-05
1.1100e+02 1.5719e-06 1.3074e-05
1.1200e+02 1.5628e-06 1.2566e-05
1.1300e+02 3.7494e-07 1.3891e-05
1.1400e+02 -4.7942e-07 1.5191e-05
1.1500e+02 -7.3386e-07 1.4618e-05
1.1600e+02 -7.4287e-07 1.2843e-05
1.1700e+02 -8.4814e-07 1.2389e-05
1.1800e+02 -3.8993e-07 1.4888e-05
1.1900e+02 -1.4121e-06 1.6492e-05
1.2000e+02 -1.6824e-06 1.6652e-05
