5.0000e-01 3.3695e-03 6.2261e-05
1.5000e+00 3.1531e-03 1.2939e-04
2.5000e+00 2.7694e-03 1.7730e-04
3.5000e+00 2.3497e-03 1.5732e-04
4.5000e+00 1.9555e-03 1.3364e-04
5.5000e+00 1.6462e-03 1.0695e-04
6.5000e+00 1.4216e-03 8.7324e-05
7.5000e+00 1.2684e-03 7.5005e-05
8.5000e+00 1.1520e-03 6.3376e-05
9.5000e+00 1.0468e-03 6.0489e-05
1.0500e+01 9.4424e-04 5.8547e-05
1.1500e+01 8.4496e-04 5.1293e-05
1.2500e+01 7.5914e-04 4.1811e-05
1.3500e+01 6.9341e-04 3.5457e-05
1.4500e+01 6.5604e-04 3.2004e-05
1.5500e+01 6.3835e-04 3.0412e-05
1.6500e+01 6.2645e-04 2.7830e-05
1.7500e+01 5.9652e-04 2.6670e-05
1.8500e+01 5.4691e-04 3.1044e-05
1.9500e+01 4.8896e-04 3.1785e-05
2.0500e+01 4.4213e-04 3.3667e-05
2.1500e+01 4.1790e-04 3.2869e-05
2.2500e+01 4.1594e-04 3.0539e-05
2.3500e+01 4.2043e-04 2.8811e-05
2.4500e+01 4.1417e-04 2.7438e-05
2.5500e+01 3.8728e-04 2.7936e-05
2.6500e+01 3.4530e-04 2.8085e-05
2.7500e+01 3.0685e-04 2.9185e-05
2.8500e+01 2.8536e-04 2.8483e-05
2.9500e+01 2.8757e-04 2.7821e-05
3.0500e+01 3.0547e-04 2.7663e-05
3.1500e+01 3.2955e-04 2.5610e-05
3.2500e+01 3.5086e-04 2.3043e-05
3.3500e+01 3.6665e-04 2.3117e-05
3.4500e+01 3.7045e-04 2.5132e-05
3.5500e+01 3.5873e-04 2.5960e-05
3.6500e+01 3.3742e-04 2.6388e-05
3.7500e+01 3.1424e-04 2.4702e-05
3.8500e+01 2.9263e-04 2.3209e-05
3.9500e+01 2.7269e-04 2.2839e-05
4.0500e+01 2.5524e-04 2.2653e-05
4.1500e+01 2.4202e-04 2.3465e-05
4.2500e+01 2.3352e-04 2.4521e-05
4.3500e+01 2.2830e-04 2.4499e-05
4.4500e+01 2.2411e-04 2.5339e-05
4.5500e+01 2.1829e-04 2.5219e-05
4.6500e+01 2.1437e-04 2.2888e-05
4.7500e+01 2.1144e-04 2.1527e-05
4.8500e+01 2.0730e-04 2.1639e-05
4.9500e+01 2.0052e-04 2.2440e-05
5.0500e+01 1.9175e-04 2.2552e-05
5.1500e+01 1.8075e-04 2.2316e-05
5.2500e+01 1.6727e-04 2.2453e-05
5.3500e+01 1.5288e-04 2.3425e-05
5.4500e+01 1.3826e-04 2.5044e-05
5.5500e+01 1.2295e-04 2.4977e-05
5.6500e+01 1.0824e-04 2.4854e-05
5.7500e+01 9.4991e-05 2.2567e-05
5.8500e+01 8.3043e-05 2.0393e-05
5.9500e+01 7.2211e-05 2.1231e-05
6.0500e+01 6.2873e-05 2.2810e-05
6.1500e+01 5.4307e-05 2.2757e-05
6.2500e+01 4.7447e-05 2.1325e-05
6.3500e+01 4.2723e-05 2.1713e-05
6.4500e+01 4.0449e-05 2.2714e-05
6.5500e+01 3.8959e-05 2.2943e-05
6.6500e+01 3.6686e-05 2.2416e-05
6.7500e+01 3.3575e-05 2.1697e-05
6.8500e+01 3.0553e-05 2.0742e-05
6.9500e+01 2.8172e-05 1.9890e-05
7.0500e+01 2.5151e-05 2.1587e-05
7.1500e+01 2.2920e-05 2.3525e-05
7.2500e+01 2.1270e-05 2.2627e-05
7.3500e+01 1.9443e-05 2.0465e-05
7.4500e+01 1.7708e-05 1.9615e-05
7.5500e+01 1.4624e-05 2.0030e-05
7.6500e+01 9.6419e-06 2.0716e-05
7.7500e+01 4.9819e-06 2.1044e-05
7.8500e+01 3.1374e-06 1.9655e-05
7.9500e+01 4.1819e-06 1.8462e-05
8.0500e+01 5.4575e-06 1.9290e-05
8.1500e+01 5.1518e-06 2.0140e-05
8.2500e+01 3.5097e-06 2.0418e-05
8.3500e+01 1.4874e-06 2.1836e-05
8.4500e+01 3.9030e-07 2.2386e-05
8.5500e+01 1.1061e-07 2.1211e-05
8.6500e+01 -1.4559e-07 2.1665e-05
8.7500e+01 3.2874e-07 2.2484e-05
8.8500e+01 1.1126e-06 2.2560e-05
8.9500e+01 1.2577e-06 2.2456e-05
9.0500e+01 -1.5539e-07 2.3080e-05
9.1500e+01 -1.5334e-06 2.3097e-05
9.2500e+01 -1.4384e-06 2.2332e-05
9.3500e+01 6.2983e-07 2.2105e-05
9.4500e+01 1.7270e-06 2.1162e-05
9.5500e+01 8.4977e-07 2.0149e-05
9.6500e+01 -1.0651e-06 1.9640e-05
9.7500e+01 -2.4852e-06 2.0121e-05
9.8500e+01 -1.7538e-06 2.0536e-05
9.9500e+01 2.5677e-07 1.9978e-05
1.0050e+02 9.5347e-07 1.9207e-05
1.0150e+02 -8.7864e-07 1.9021e-05
1.0250e+02 -3.5297e-06 1.9387e-05
1.0350e+02 -4.9827e-06 2.0288e-05
1.0450e+02 -3.8921e-06 2.0630e-05
1.0550e+02 -1.2006e-06 2.0675e-05
1.0650e+02 1.8004e-06 2.0638e-05
1.0750e+02 2.6267e-06 2.0466e-05
1.0850e+02 3.9634e-07 2.0123e-05
1.0950e+02 -2.1926e-06 2.0911e-05
1.1050e+02 -1.7011e-06 2.1342e-05
1.1150e+02 1.2297e-07 2.1649e-05
1.1250e+02 7.6972e-08 2.1675e-05
1.1350e+02 -1.4030e-06 2.1986e-05
1.1450e+02 -1.4699e-06 2.2350e-05
1.1550e+02 -4.3894e-07 2.2163e-05
1.1650e+02 8.3911e-08 2.1676e-05
1.1750e+02 3.4049e-07 2.0638e-05
1.1850e+02 7.0432e-07 2.0233e-05
1.1950e+02 7.8370e-07 2.1878e-05
1.2050e+02 2.2506e-07 2.3305e-05
1.2150e+02 -7.9790e-07 2.1849e-05
1.2250e+02 -1.9536e-06 1.9918e-05
1.2350e+02 -2.6040e-06 1.9631e-05
1.2450e+02 -2.6914e-06 2.0414e-05
1.2550e+02 -2.4534e-06 2.0600e-05
1.2650e+02 -1.1808e-06 2.0300e-05
1.2750e+02 -1.7802e-07 2.1535e-05
1.2850e+02 6.3018e-07 2.2815e-05
1.2950e+02 -1.0260e-07 2.2513e-05
1.3050e+02 -3.6738e-07 2.1271e-05
1.3150e+02 4.2556e-07 1.9905e-05
1.3250e+02 8.6996e-07 1.8563e-05
1.3350e+02 -4.7941e-08 1.9677e-05
1.3450e+02 -6.5002e-07 2.1600e-05
1.3550e+02 7.6002e-08 2.1416e-05
1.3650e+02 9.4451e-07 2.1382e-05
1.3750e+02 1.4251e-06 2.1492e-05
1.3850e+02 1.6753e-06 2.1465e-05
1.3950e+02 2.5245e-06 2.1349e-05
1.4050e+02 2.9802e-06 2.1212e-05
1.4150e+02 2.0426e-06 2.1386e-05
1.4250e+02 -5.1082e-07 2.1531e-05
1.4350e+02 -3.1817e-06 2.0940e-05
1.4450e+02 -3.7250e-06 1.9825e-05
1.4550e+02 -2.0088e-06 2.0200e-05
1.4650e+02 -3.1807e-07 2.1127e-05
1.4750e+02 9.3677e-08 2.0585e-05
1.4850e+02 -2.8273e-07 2.0411e-05
1.4950e+02 -2.6277e-07 2.0857e-05
1.5050e+02 -7.0263e-07 2.0255e-05
1.5150e+02 -1.8299e-06 2.0350e-05
1.5250e+02 -1.9064e-06 2.1444e-05
1.5350e+02 -2.8560e-07 2.1248e-05
1.5450e+02 4.3345e-07 2.0710e-05
1.5550e+02 4.0526e-07 2.0655e-05
1.5650e+02 4.4101e-08 2.1197e-05
1.5750e+02 -2.3086e-07 2.1370e-05
1.5850e+02 -3.5290e-07 2.0522e-05
1.5950e+02 -2.8575e-07 2.0283e-05
1.6050e+02 -1.7821e-07 2.0845e-05
1.6150e+02 5.2049e-07 2.0468e-05
1.6250e+02 1.0759e-06 1.9865e-05
1.6350e+02 9.9785e-07 1.9732e-05
1.6450e+02 3.4480e-07 2.0006e-05
1.6550e+02 -4.8855e-07 2.0804e-05
1.6650e+02 -7.9938e-07 2.1186e-05
1.6750e+02 -3.7641e-07 2.0993e-05
1.6850e+02 4.0097e-07 2.2483e-05
1.6950e+02 7.8671e-07 2.3132e-05
1.7050e+02 1.5863e-07 2.1531e-05
1.7150e+02 -8.1002e-07 2.0476e-05
1.7250e+02 -1.2735e-06 2.1310e-05
1.7350e+02 -4.2440e-07 2.1854e-05
1.7450e+02 7.4416e-07 2.0893e-05
1.7550e+02 1.0382e-06 1.9913e-05
1.7650e+02 4.2669e-07 2.0031e-05
1.7750e+02 -3.5154e-07 2.0479e-05
1.7850e+02 -1.1524e-06 2.0223e-05
1.7950e+02 -1.0390e-06 2.1029e-05
1.8050e+02 -6.7321e-07 2.1386e-05
1.8150e+02 -2.8765e-07 2.1553e-05
1.8250e+02 1.1446e-07 2.1260e-05
1.8350e+02 1.5892e-07 2.1185e-05
1.8450e+02 4.1219e-07 2.1300e-05
1.8550e+02 1.8777e-06 2.1190e-05
1.8650e+02 3.3124e-06 2.1637e-05
1.8750e+02 3.2931e-06 2.1931e-05
1.8850e+02 2.1756e-06 2.1570e-05
1.8950e+02 4.5474e-07 2.1137e-05
1.9050e+02 -1.5591e-06 2.2012e-05
1.9150e+02 -2.5711e-06 2.2799e-05
1.9250e+02 -1.3513e-06 2.2070e-05
1.9350e+02 3.0845e-07 2.1260e-05
1.9450e+02 2.4184e-07 2.0968e-05
1.9550e+02 -9.0113e-07 2.0901e-05
1.9650e+02 -1.8356e-06 2.1473e-05
1.9750e+02 -1.7741e-06 2.2130e-05
1.9850e+02 -5.2371e-07 2.2355e-05
1.9950e+02 8.0310e-07 2.2049e-05
2.0050e+02 5.8853e-07 2.0877e-05
2.0150e+02 1.6516e-07 2.0161e-05
2.0250e+02 -1.6859e-08 2.0661e-05
2.0350e+02 -3.0844e-07 2.0874e-05
2.0450e+02 -5.2851e-07 2.0316e-05
2.0550e+02 -9.0331e-07 2.0107e-05
2.0650e+02 -1.1770e-06 2.0145e-05
2.0750e+02 -8.1843e-07 1.9918e-05
2.0850e+02 -5.7134e-10 2.0395e-05
2.0950e+02 3.7761e-07 2.0941e-05
2.1050e+02 -2.1251e-08 2.1198e-05
2.1150e+02 1.4309e-08 2.1037e-05
2.1250e+02 6.5116e-07 2.1263e-05
2.1350e+02 1.2174e-06 2.1887e-05
2.1450e+02 1.5724e-06 2.1382e-05
2.1550e+02 1.5566e-06 2.0411e-05
2.1650e+02 1.3840e-06 2.0568e-05
2.1750e+02 1.3605e-06 2.1464e-05
2.1850e+02 9.4124e-07 2.1402e-05
2.1950e+02 3.4382e-07 2.0839e-05
2.2050e+02 5.1120e-07 2.1670e-05
2.2150e+02 3.0308e-07 2.2536e-05
2.2250e+02 -5.5336e-07 2.2527e-05
2.2350e+02 -9.3311e-07 2.1614e-05
2.2450e+02 -8.7068e-07 2.0790e-05
2.2550e+02 -4.8373e-07 2.0603e-05
2.2650e+02 -3.1667e-07 2.0528e-05
2.2750e+02 -5.4619e-08 2.0485e-05
2.2850e+02 3.0835e-07 1.9959e-05
2.2950e+02 5.4658e-07 1.9519e-05
2.3050e+02 3.7847e-07 2.0020e-05
2.3150e+02 2.9242e-08 2.0626e-05
2.3250e+02 -7.8531e-08 2.0031e-05
2.3350e+02 5.0588e-08 2.0114e-05
2.3450e+02 -6.8857e-07 2.1084e-05
2.3550e+02 -1.3798e-06 2.0933e-05
2.3650e+02 -6.5404e-07 2.0115e-05
2.3750e+02 1.1718e-06 1.9016e-05
2.3850e+02 2.2472e-06 1.9107e-05
2.3950e+02 1.5807e-06 2.0368e-05
2.4050e+02 3.2312e-07 2.0848e-05
2.4150e+02 -6.2420e-07 2.0181e-05
2.4250e+02 -1.1320e-06 1.9912e-05
2.4350e+02 -7.7736e-07 1.9989e-05
2.4450e+02 -1.5344e-07 2.0363e-05
2.4550e+02 6.2860e-07 2.0428e-05
2.4650e+02 1.2410e-06 2.0664e-05
2.4750e+02 1.1091e-06 2.1115e-05
2.4850e+02 6.4373e-07 2.0339e-05
2.4950e+02 7.1259e-08 1.9747e-05
2.5050e+02 -1.3896e-07 1.9684e-05
2.5150e+02 -1.9912e-07 2.0054e-05
2.5250e+02 -2.8927e-07 2.0680e-05
2.5350e+02 -5.8409e-07 2.0448e-05
2.5450e+02 -1.0856e-06 1.9829e-05
2.5550e+02 -8.0785e-07 1.9973e-05
2.5650e+02 2.1532e-07 2.0214e-05
2.5750e+02 1.0494e-06 2.0550e-05
2.5850e+02 1.4859e-06 2.0524e-05
2.5950e+02 1.3762e-06 2.0419e-05
2.6050e+02 7.9466e-07 2.0309e-05
2.6150e+02 4.9256e-07 2.0396e-05
2.6250e+02 9.3102e-07 2.0727e-05
2.6350e+02 1.6091e-06 2.0455e-05
2.6450e+02 1.0109e-06 2.0081e-05
2.6550e+02 -3.4052e-07 2.0235e-05
2.6650e+02 -1.2273e-06 2.0159e-05
2.6750e+02 -1.4834e-06 2.0453e-05
2.6850e+02 -1.1292e-06 2.0677e-05
2.6950e+02 -6.6436e-07 2.0721e-05
2.7050e+02 -6.0977e-07 2.0510e-05
2.7150e+02 -5.3657e-07 2.0584e-05
2.7250e+02 -3.2092e-07 2.1168e-05
2.7350e+02 3.1403e-07 2.1233e-05
2.7450e+02 1.0952e-06 2.0919e-05
2.7550e+02 7.3406e-07 2.0205e-05
2.7650e+02 -2.8410e-07 1.9876e-05
2.7750e+02 -1.5497e-06 2.0081e-05
2.7850e+02 -1.7952e-06 2.0147e-05
2.7950e+02 -1.2229e-06 2.0304e-05
2.8050e+02 -9.4422e-08 2.0651e-05
2.8150e+02 7.3431e-07 2.1507e-05
2.8250e+02 9.2923e-07 2.1045e-05
2.8350e+02 5.5644e-07 2.0402e-05
2.8450e+02 -2.0550e-08 2.0847e-05
2.8550e+02 -7.2960e-07 2.0259e-05
2.8650e+02 -1.5009e-06 1.9884e-05
2.8750e+02 -1.7864e-06 2.0578e-05
2.8850e+02 -1.3533e-06 2.1032e-05
2.8950e+02 -5.8671e-07 2.0417e-05
2.9050e+02 -8.7660e-08 2.0411e-05
2.9150e+02 1.0089e-07 2.0558e-05
2.9250e+02 -7.3717e-09 2.0416e-05
2.9350e+02 -2.3239e-07 2.0625e-05
2.9450e+02 -1.6391e-08 2.0888e-05
2.9550e+02 4.6634e-07 2.0698e-05
2.9650e+02 6.4342e-07 2.0086e-05
2.9750e+02 9.2968e-07 1.9903e-05
2.9850e+02 1.0535e-06 2.0144e-05
2.9950e+02 2.5821e-07 2.0595e-05
