5.0000e-01 3.2195e-03 1.4273e-04
1.5000e+00 2.8441e-03 2.6481e-04
2.5000e+00 2.2329e-03 3.2766e-04
3.5000e+00 1.6709e-03 2.6988e-04
4.5000e+00 1.2295e-03 1.7798e-04
5.5000e+00 9.4737e-04 1.3260e-04
6.5000e+00 7.3323e-04 1.2044e-04
7.5000e+00 5.3821e-04 1.1278e-04
8.5000e+00 3.6295e-04 9.4032e-05
9.5000e+00 2.3493e-04 6.6745e-05
1.0500e+01 1.7094e-04 4.5509e-05
1.1500e+01 1.7737e-04 4.5336e-05
1.2500e+01 2.4745e-04 5.6002e-05
1.3500e+01 3.6094e-04 6.4986e-05
1.4500e+01 4.9050e-04 7.2150e-05
1.5500e+01 6.1182e-04 7.5148e-05
1.6500e+01 6.9909e-04 6.9407e-05
1.7500e+01 7.4895e-04 5.5279e-05
1.8500e+01 7.6598e-04 4.4360e-05
1.9500e+01 7.6240e-04 4.1958e-05
2.0500e+01 7.4488e-04 4.1319e-05
2.1500e+01 7.1773e-04 4.0192e-05
2.2500e+01 6.8541e-04 3.6392e-05
2.3500e+01 6.4975e-04 3.3468e-05
2.4500e+01 6.1472e-04 3.7688e-05
2.5500e+01 5.7554e-04 4.6057e-05
2.6500e+01 5.2873e-04 5.5849e-05
2.7500e+01 4.7053e-04 6.5080e-05
2.8500e+01 4.0459e-04 7.2798e-05
2.9500e+01 3.2916e-04 7.6200e-05
3.0500e+01 2.5608e-04 7.0661e-05
3.1500e+01 1.8359e-04 6.0968e-05
3.2500e+01 1.2453e-04 4.8004e-05
3.3500e+01 7.5950e-05 3.7909e-05
3.4500e+01 4.2961e-05 3.2236e-05
3.5500e+01 2.3653e-05 3.0363e-05
3.6500e+01 9.5994e-06 2.9509e-05
3.7500e+01 2.2884e-06 2.9459e-05
3.8500e+01 -3.0832e-07 2.7158e-05
3.9500e+01 -5.4732e-07 2.5612e-05
4.0500e+01 -2.6558e-06 2.5241e-05
4.1500e+01 -3.5997e-06 2.5138e-05
4.2500e+01 -4.1583e-06 2.3185e-05
4.3500e+01 -2.0055e-06 2.0058e-05
4.4500e+01 1.2359e-06 1.9979e-05
4.5500e+01 2.8755e-06 2.2794e-05
4.6500e+01 3.6457e-06 2.3850e-05
4.7500e+01 4.7461e-06 2.4212e-05
4.8500e+01 6.0157e-06 2.4984e-05
4.9500e+01 8.3769e-06 2.4010e-05
5.0500e+01 7.4089e-06 2.3724e-05
5.1500e+01 4.2253e-06 2.2968e-05
5.2500e+01 3.8335e-07 2.2311e-05
5.3500e+01 -3.0903e-06 2.3107e-05
5.4500e+01 -4.2096e-06 2.5760e-05
5.5500e+01 -4.7047e-06 2.6787e-05
5.6500e+01 -3.9854e-06 2.6273e-05
5.7500e+01 -2.3131e-06 2.4069e-05
5.8500e+01 9.7107e-07 2.1081e-05
5.9500e+01 3.0286e-06 2.2380e-05
6.0500e+01 3.0003e-06 2.3871e-05
6.1500e+01 2.0371e-06 2.4414e-05
6.2500e+01 1.3137e-06 2.4141e-05
6.3500e+01 2.0739e-06 2.3007e-05
6.4500e+01 4.1546e-06 2.3512e-05
6.5500e+01 6.0087e-06 2.5035e-05
6.6500e+01 6.4340e-06 2.4470e-05
6.7500e+01 4.0862e-06 2.4682e-05
6.8500e+01 -3.6684e-07 2.5380e-05
6.9500e+01 -4.6420e-06 2.5494e-05
7.0500e+01 -6.0333e-06 2.5388e-05
7.1500e+01 -4.2574e-06 2.4743e-05
7.2500e+01 -1.8209e-06 2.2583e-05
7.3500e+01 -6.4513e-07 2.1085e-05
7.4500e+01 4.3365e-07 2.1189e-05
7.5500e+01 1.6376e-06 2.3537e-05
7.6500e+01 3.2058e-06 2.5419e-05
7.7500e+01 4.4766e-06 2.5542e-05
7.8500e+01 4.2216e-06 2.3584e-05
7.9500e+01 3.8559e-06 2.3917e-05
8.0500e+01 2.3786e-06 2.4978e-05
8.1500e+01 5.6225e-07 2.5786e-05
8.2500e+01 -1.5551e-06 2.5453e-05
8.3500e+01 -3.5166e-06 2.4618e-05
8.4500e+01 -4.0907e-06 2.3098e-05
8.5500e+01 -3.3231e-06 2.4198e-05
8.6500e+01 -1.0298e-06 2.4153e-05
8.7500e+01 -7.5189e-07 2.4129e-05
8.8500e+01 -1.2785e-06 2.5945e-05
8.9500e+01 -2.9922e-06 2.7173e-05
9.0500e+01 -2.6102e-06 2.7240e-05
9.1500e+01 -1.4409e-06 2.6318e-05
9.2500e+01 -2.9592e-08 2.5113e-05
9.3500e+01 1.2881e-06 2.4848e-05
9.4500e+01 1.8242e-06 2.5997e-05
9.5500e+01 1.1262e-06 2.6661e-05
9.6500e+01 -8.7820e-08 2.6028e-05
9.7500e+01 2.8586e-07 2.5759e-05
9.8500e+01 6.1559e-07 2.5260e-05
9.9500e+01 -4.8878e-07 2.3764e-05
1.0050e+02 -1.6831e-06 2.3944e-05
1.0150e+02 -1.1220e-06 2.5117e-05
1.0250e+02 3.8028e-07 2.5019e-05
1.0350e+02 1.2166e-06 2.4236e-05
1.0450e+02 -2.5443e-07 2.3762e-05
1.0550e+02 -2.3223e-06 2.4486e-05
1.0650e+02 -3.5246e-06 2.5532e-05
1.0750e+02 -2.6618e-06 2.5154e-05
1.0850e+02 -9.7070e-07 2.4103e-05
1.0950e+02 9.3812e-07 2.3076e-05
1.1050e+02 1.3667e-06 2.2276e-05
1.1150e+02 1.3118e-06 2.3487e-05
1.1250e+02 1.0063e-06 2.4637e-05
1.1350e+02 8.9871e-07 2.4206e-05
1.1450e+02 1.2501e-06 2.3452e-05
1.1550e+02 2.1184e-06 2.4519e-05
1.1650e+02 3.2514e-06 2.6045e-05
1.1750e+02 3.3983e-06 2.7178e-05
1.1850e+02 1.8914e-06 2.6769e-05
1.1950e+02 7.3898e-07 2.5819e-05
1.2050e+02 6.9108e-07 2.4421e-05
1.2150e+02 2.5629e-07 2.3894e-05
1.2250e+02 -8.8222e-07 2.4232e-05
1.2350e+02 -1.9965e-06 2.4353e-05
1.2450e+02 -2.0637e-06 2.4702e-05
1.2550e+02 -1.7956e-06 2.5581e-05
1.2650e+02 -1.4864e-06 2.5602e-05
1.2750e+02 -1.9874e-06 2.5738e-05
1.2850e+02 -2.3587e-06 2.6238e-05
1.2950e+02 -3.5099e-06 2.6608e-05
1.3050e+02 -3.5899e-06 2.5930e-05
1.3150e+02 -1.2899e-06 2.5383e-05
1.3250e+02 1.8046e-06 2.5456e-05
1.3350e+02 3.5685e-06 2.5511e-05
1.3450e+02 2.5917e-06 2.4925e-05
1.3550e+02 3.7180e-07 2.5374e-05
1.3650e+02 -7.5788e-07 2.6381e-05
1.3750e+02 -4.9343e-07 2.5871e-05
1.3850e+02 -6.9181e-07 2.3952e-05
1.3950e+02 -3.2902e-07 2.3261e-05
1.4050e+02 1.1647e-06 2.5020e-05
1.4150e+02 2.5630e-06 2.5636e-05
1.4250e+02 1.9287e-06 2.4724e-05
1.4350e+02 -2.9389e-07 2.3353e-05
1.4450e+02 -2.5374e-06 2.2880e-05
1.4550e+02 -3.3154e-06 2.3925e-05
1.4650e+02 -2.4526e-06 2.4495e-05
1.4750e+02 -5.4722e-07 2.4798e-05
1.4850e+02 1.9243e-06 2.6064e-05
1.4950e+02 2.0672e-06 2.7165e-05
1.5050e+02 1.1585e-06 2.7061e-05
1.5150e+02 6.9888e-07 2.6451e-05
1.5250e+02 8.0213e-07 2.6071e-05
1.5350e+02 1.7928e-06 2.5399e-05
1.5450e+02 2.7548e-06 2.5288e-05
1.5550e+02 2.8397e-06 2.5167e-05
1.5650e+02 1.8549e-06 2.5298e-05
1.5750e+02 1.2569e-06 2.5854e-05
1.5850e+02 1.3557e-06 2.6251e-05
1.5950e+02 1.2256e-06 2.5648e-05
1.6050e+02 2.8067e-07 2.6003e-05
1.6150e+02 -4.2186e-07 2.5639e-05
1.6250e+02 -3.5214e-07 2.5287e-05
1.6350e+02 -6.5237e-07 2.5251e-05
1.6450e+02 -1.0010e-06 2.4427e-05
1.6550e+02 -2.6576e-06 2.4145e-05
1.6650e+02 -2.8858e-06 2.5070e-05
1.6750e+02 -1.8617e-06 2.4405e-05
1.6850e+02 -3.8412e-07 2.4232e-05
1.6950e+02 9.5198e-07 2.4592e-05
1.7050e+02 1.3459e-06 2.4470e-05
1.7150e+02 1.3394e-06 2.3841e-05
1.7250e+02 1.3832e-06 2.3707e-05
1.7350e+02 7.6498e-07 2.5801e-05
1.7450e+02 -1.2329e-08 2.7476e-05
1.7550e+02 -7.6836e-08 2.7536e-05
1.7650e+02 4.2459e-07 2.6530e-05
1.7750e+02 -2.1291e-07 2.6011e-05
1.7850e+02 -1.4709e-06 2.5088e-05
1.7950e+02 -2.0251e-06 2.4670e-05
1.8050e+02 -9.6775e-07 2.4441e-05
1.8150e+02 -7.0466e-07 2.4816e-05
1.8250e+02 -8.9918e-07 2.6190e-05
1.8350e+02 -1.1850e-06 2.6772e-05
1.8450e+02 -6.5388e-07 2.6468e-05
1.8550e+02 2.9584e-07 2.6083e-05
1.8650e+02 9.4634e-07 2.5437e-05
1.8750e+02 1.7607e-07 2.5215e-05
1.8850e+02 -1.3091e-06 2.4865e-05
1.8950e+02 -1.9602e-06 2.4667e-05
1.9050e+02 -1.1791e-06 2.5692e-05
1.9150e+02 3.4922e-07 2.6419e-05
1.9250e+02 1.2850e-06 2.6227e-05
1.9350e+02 1.3860e-06 2.6743e-05
1.9450e+02 9.2511e-07 2.5952e-05
1.9550e+02 9.7699e-07 2.5662e-05
1.9650e+02 1.5934e-06 2.6450e-05
1.9750e+02 1.9449e-06 2.5762e-05
1.9850e+02 1.1284e-06 2.3856e-05
1.9950e+02 -2.2358e-07 2.2953e-05
2.0050e+02 -3.3817e-07 2.4260e-05
2.0150e+02 7.2804e-07 2.6015e-05
2.0250e+02 1.0995e-06 2.6518e-05
2.0350e+02 8.9963e-07 2.5477e-05
2.0450e+02 4.1886e-07 2.4230e-05
2.0550e+02 6.7557e-07 2.4357e-05
2.0650e+02 8.4932e-07 2.4712e-05
2.0750e+02 2.9330e-07 2.6339e-05
2.0850e+02 -9.8325e-07 2.7073e-05
2.0950e+02 -1.6372e-06 2.6312e-05
2.1050e+02 -1.5733e-06 2.5784e-05
2.1150e+02 -5.9611e-07 2.4957e-05
2.1250e+02 -2.0491e-07 2.4385e-05
2.1350e+02 -5.6803e-08 2.4319e-05
2.1450e+02 -2.9177e-07 2.5624e-05
2.1550e+02 2.3444e-07 2.7020e-05
2.1650e+02 1.1986e-06 2.6231e-05
2.1750e+02 1.8197e-06 2.4695e-05
2.1850e+02 1.8452e-06 2.4803e-05
2.1950e+02 1.1688e-06 2.5593e-05
2.2050e+02 -1.8774e-08 2.6183e-05
2.2150e+02 -8.4170e-07 2.5760e-05
2.2250e+02 -1.1110e-06 2.4530e-05
2.2350e+02 -2.7466e-07 2.4743e-05
2.2450e+02 6.9881e-07 2.6445e-05
2.2550e+02 8.3199e-07 2.7492e-05
2.2650e+02 -1.1577e-07 2.6339e-05
2.2750e+02 -1.1556e-06 2.5055e-05
2.2850e+02 -1.7099e-06 2.4552e-05
2.2950e+02 -1.1079e-06 2.4981e-05
2.3050e+02 -9.1328e-07 2.5458e-05
2.3150e+02 -1.0974e-07 2.5705e-05
2.3250e+02 6.3472e-07 2.4951e-05
2.3350e+02 8.4221e-07 2.4226e-05
2.3450e+02 5.2950e-07 2.3838e-05
2.3550e+02 5.3190e-07 2.3880e-05
2.3650e+02 6.0830e-07 2.4373e-05
2.3750e+02 6.6881e-07 2.4574e-05
2.3850e+02 1.8028e-07 2.4584e-05
2.3950e+02 -1.9055e-07 2.4391e-05
2.4050e+02 5.3384e-07 2.3700e-05
2.4150e+02 1.1331e-06 2.3656e-05
2.4250e+02 1.1276e-06 2.4460e-05
2.4350e+02 3.0938e-07 2.4734e-05
2.4450e+02 -6.2492e-07 2.4322e-05
2.4550e+02 -1.2581e-06 2.4454e-05
2.4650e+02 -6.5230e-07 2.4505e-05
2.4750e+02 5.4920e-07 2.4326e-05
2.4850e+02 1.7102e-06 2.4764e-05
2.4950e+02 7.8070e-07 2.5166e-05
2.5050e+02 -8.0528e-07 2.5728e-05
2.5150e+02 -9.2546e-07 2.5775e-05
2.5250e+02 -4.3788e-07 2.5308e-05
2.5350e+02 -2.7909e-08 2.5344e-05
2.5450e+02 -7.3419e-08 2.4809e-05
2.5550e+02 -2.1351e-07 2.4654e-05
2.5650e+02 -9.6588e-08 2.4790e-05
2.5750e+02 -1.5997e-07 2.4102e-05
2.5850e+02 -3.0514e-07 2.3457e-05
2.5950e+02 -2.7797e-07 2.3311e-05
2.6050e+02 9.3877e-08 2.3583e-05
2.6150e+02 1.1859e-07 2.3390e-05
2.6250e+02 -3.9562e-07 2.3784e-05
2.6350e+02 -7.1581e-07 2.3952e-05
2.6450e+02 -1.0199e-06 2.3850e-05
2.6550e+02 -1.1585e-06 2.4126e-05
2.6650e+02 -1.0856e-06 2.4492e-05
2.6750e+02 -5.6683e-07 2.4834e-05
2.6850e+02 5.2435e-07 2.5671e-05
2.6950e+02 1.0721e-06 2.6457e-05
2.7050e+02 7.8230e-07 2.6281e-05
2.7150e+02 -2.8223e-07 2.5319e-05
2.7250e+02 -1.4951e-06 2.4729e-05
2.7350e+02 -1.7023e-06 2.4818e-05
2.7450e+02 -4.7286e-07 2.5511e-05
2.7550e+02 8.2980e-07 2.5364e-05
2.7650e+02 1.5641e-06 2.4737e-05
2.7750e+02 1.7365e-06 2.4915e-05
2.7850e+02 1.2634e-06 2.4574e-05
2.7950e+02 1.3233e-07 2.4462e-05
2.8050e+02 -8.0397e-07 2.4768e-05
2.8150e+02 -1.0461e-06 2.4751e-05
2.8250e+02 -7.5274e-07 2.4693e-05
2.8350e+02 -6.0072e-07 2.4708e-05
2.8450e+02 -8.8743e-07 2.4710e-05
2.8550e+02 -1.0119e-06 2.4775e-05
2.8650e+02 -3.3359e-07 2.5010e-05
2.8750e+02 5.8969e-07 2.5382e-05
2.8850e+02 1.2549e-06 2.5503e-05
2.8950e+02 1.1567e-06 2.5442e-05
2.9050e+02 5.0599e-07 2.4959e-05
2.9150e+02 -3.0894e-07 2.4816e-05
2.9250e+02 -1.2240e-06 2.5513e-05
2.9350e+02 -1.7028e-06 2.5314e-05
2.9450e+02 -1.1802e-06 2.4753e-05
2.9550e+02 1.3963e-07 2.4825e-05
2.9650e+02 1.9350e-07 2.5197e-05
2.9750e+02 -1.7267e-07 2.5591e-05
2.9850e+02 -1.1105e-06 2.5914e-05
2.9950e+02 -1.0250e-06 2.5666e-05
