1.0000e+00 3.2156e-03 1.3664e-04
2.0000e+00 2.9780e-03 2.4235e-04
3.0000e+00 2.6687e-03 3.0834e-04
4.0000e+00 2.2939e-03 3.6506e-04
5.0000e+00 1.9841e-03 3.7253e-04
6.0000e+00 1.6922e-03 3.6043e-04
7.0000e+00 1.4481e-03 3.1278e-04
8.0000e+00 1.2538e-03 2.6238e-04
9.0000e+00 1.0982e-03 2.1915e-04
1.0000e+01 9.6891e-04 1.8372e-04
1.1000e+01 8.6108e-04 1.5096e-04
1.2000e+01 7.7359e-04 1.2049e-04
1.3000e+01 7.0362e-04 9.6952e-05
1.4000e+01 6.4679e-04 7.7448e-05
1.5000e+01 5.9764e-04 6.3993e-05
1.6000e+01 5.5645e-04 5.4494e-05
1.7000e+01 5.1921e-04 4.8407e-05
1.8000e+01 4.8888e-04 4.4064e-05
1.9000e+01 4.6422e-04 3.9733e-05
2.0000e+01 4.4296e-04 3.5626e-05
2.1000e+01 4.2549e-04 3.3788e-05
2.2000e+01 4.0904e-04 3.4407e-05
2.3000e+01 3.9379e-04 3.4738e-05
2.4000e+01 3.7547e-04 3.3960e-05
2.5000e+01 3.5653e-04 3.2177e-05
2.6000e+01 3.3847e-04 3.0466e-05
2.7000e+01 3.2216e-04 2.8454e-05
2.8000e+01 3.0722e-04 2.5445e-05
2.9000e+01 2.9044e-04 2.2343e-05
3.0000e+01 2.7293e-04 1.9641e-05
3.1000e+01 2.5788e-04 1.7879e-05
3.2000e+01 2.4694e-04 1.6291e-05
3.3000e+01 2.3646e-04 1.6349e-05
3.4000e+01 2.2550e-04 1.7217e-05
3.5000e+01 2.1402e-04 1.9424e-05
3.6000e+01 2.0314e-04 2.1566e-05
3.7000e+01 1.9523e-04 2.1967e-05
3.8000e+01 1.8846e-04 2.0956e-05
3.9000e+01 1.8406e-04 1.9959e-05
4.0000e+01 1.8229e-04 1.8228e-05
4.1000e+01 1.8199e-04 1.8261e-05
4.2000e+01 1.8128e-04 1.9142e-05
4.3000e+01 1.7960e-04 1.9431e-05
4.4000e+01 1.7874e-04 2.0434e-05
4.5000e+01 1.7533e-04 2.1529e-05
4.6000e+01 1.6992e-04 2.1375e-05
4.7000e+01 1.6179e-04 2.1446e-05
4.8000e+01 1.5246e-04 2.1213e-05
4.9000e+01 1.4266e-04 2.0117e-05
5.0000e+01 1.3352e-04 1.9306e-05
5.1000e+01 1.2405e-04 1.8057e-05
5.2000e+01 1.1442e-04 1.7142e-05
5.3000e+01 1.0589e-04 1.7022e-05
5.4000e+01 9.8186e-05 1.7600e-05
5.5000e+01 8.9773e-05 1.8088e-05
5.6000e+01 8.1041e-05 1.7646e-05
5.7000e+01 7.1296e-05 1.8051e-05
5.8000e+01 6.1721e-05 1.8996e-05
5.9000e+01 5.2312e-05 2.0402e-05
6.0000e+01 4.3472e-05 2.1125e-05
6.1000e+01 3.5664e-05 2.0043e-05
6.2000e+01 2.8977e-05 1.8704e-05
6.3000e+01 2.3223e-05 1.8118e-05
6.4000e+01 1.8743e-05 1.8031e-05
6.5000e+01 1.5582e-05 1.7996e-05
6.6000e+01 1.2654e-05 1.8076e-05
6.7000e+01 1.0333e-05 1.8350e-05
6.8000e+01 8.8704e-06 1.8166e-05
6.9000e+01 7.6547e-06 1.6952e-05
7.0000e+01 6.1916e-06 1.6246e-05
7.1000e+01 4.3041e-06 1.6230e-05
7.2000e+01 2.3372e-06 1.6967e-05
7.3000e+01 9.4716e-07 1.8218e-05
7.4000e+01 3.7282e-07 1.9326e-05
7.5000e+01 7.6574e-07 1.9645e-05
7.6000e+01 1.6822e-06 1.9343e-05
7.7000e+01 2.2959e-06 1.8732e-05
7.8000e+01 2.7084e-06 1.8008e-05
7.9000e+01 2.4977e-06 1.7676e-05
8.0000e+01 2.9593e-06 1.7532e-05
8.1000e+01 3.7256e-06 1.7473e-05
8.2000e+01 3.3170e-06 1.6522e-05
8.3000e+01 1.3043e-06 1.6045e-05
8.4000e+01 -1.2617e-06 1.6480e-05
8.5000e+01 -2.4942e-06 1.6368e-05
8.6000e+01 -2.1098e-06 1.5658e-05
8.7000e+01 -8.7073e-07 1.6772e-05
8.8000e+01 -1.3514e-08 1.8069e-05
8.9000e+01 4.3695e-07 1.8125e-05
9.0000e+01 5.3359e-07 1.8352e-05
9.1000e+01 9.1586e-07 1.8559e-05
9.2000e+01 8.0317e-07 1.8283e-05
9.3000e+01 6.4850e-07 1.8101e-05
9.4000e+01 8.8529e-07 1.7653e-05
9.5000e+01 1.3736e-06 1.6835e-05
9.6000e+01 2.0504e-06 1.6623e-05
9.7000e+01 2.7745e-06 1.7148e-05
9.8000e+01 2.9311e-06 1.8031e-05
9.9000e+01 3.1050e-06 1.8239e-05
1.0000e+02 3.1403e-06 1.7876e-05
1.0100e+02 3.5046e-06 1.8816e-05
1.0200e+02 3.2795e-06 1.9436e-05
1.0300e+02 2.5701e-06 1.9216e-05
1.0400e+02 1.0490e-06 1.9222e-05
1.0500e+02 -5.3370e-07 2.0083e-05
1.0600e+02 -1.3232e-06 2.0546e-05
1.0700e+02 -1.5702e-06 2.0317e-05
1.0800e+02 -2.4507e-06 1.9852e-05
1.0900e+02 -3.0934e-06 1.9378e-05
1.1000e+02 -2.6469e-06 1.8864e-05
1.1100e+02 -1.1166e-06 1.8714e-05
1.1200e+02 -9.2322e-09 1.9118e-05
1.1300e+02 3.3550e-07 1.8982e-05
1.1400e+02 3.9409e-07 1.8846e-05
1.1500e+02 3.2274e-07 1.9009e-05
1.1600e+02 -1.1166e-07 1.8966e-05
1.1700e+02 -1.4113e-06 1.8402e-05
1.1800e+02 -2.1849e-06 1.8353e-05
1.1900e+02 -2.0600e-06 1.8429e-05
1.2000e+02 -1.1100e-06 1.8425e-05
