1.0000e+00 2.0792e-04 1.4894e-05
2.0000e+00 2.4297e-04 2.7082e-05
3.0000e+00 2.9858e-04 3.6756e-05
4.0000e+00 3.7653e-04 4.4887e-05
5.0000e+00 4.7731e-04 5.3488e-05
6.0000e+00 5.8446e-04 6.2402e-05
7.0000e+00 6.8237e-04 6.7708e-05
8.0000e+00 7.5528e-04 6.7088e-05
9.0000e+00 8.0498e-04 6.3980e-05
1.0000e+01 8.2442e-04 5.8492e-05
1.1000e+01 8.1958e-04 5.1307e-05
1.2000e+01 8.0293e-04 4.1522e-05
1.3000e+01 7.7683e-04 3.2878e-05
1.4000e+01 7.5023e-04 2.7049e-05
1.5000e+01 7.2249e-04 2.4607e-05
1.6000e+01 6.9192e-04 2.3855e-05
1.7000e+01 6.6075e-04 2.4202e-05
1.8000e+01 6.3185e-04 2.4739e-05
1.9000e+01 6.0559e-04 2.5210e-05
2.0000e+01 5.8071e-04 2.5832e-05
2.1000e+01 5.5716e-04 2.6813e-05
2.2000e+01 5.3457e-04 2.5738e-05
2.3000e+01 5.1274e-04 2.4615e-05
2.4000e+01 4.9305e-04 2.5686e-05
2.5000e+01 4.7277e-04 2.5928e-05
2.6000e+01 4.5457e-04 2.5983e-05
2.7000e+01 4.3657e-04 2.3939e-05
2.8000e+01 4.1956e-04 2.1523e-05
2.9000e+01 4.0292e-04 1.9422e-05
3.0000e+01 3.8649e-04 1.8239e-05
3.1000e+01 3.6887e-04 1.7239e-05
3.2000e+01 3.5061e-04 1.7903e-05
3.3000e+01 3.3311e-04 1.9562e-05
3.4000e+01 3.1676e-04 2.1186e-05
3.5000e+01 3.0252e-04 2.0911e-05
3.6000e+01 2.8953e-04 2.0986e-05
3.7000e+01 2.7818e-04 2.0101e-05
3.8000e+01 2.6824e-04 1.9648e-05
3.9000e+01 2.6002e-04 1.8853e-05
4.0000e+01 2.5508e-04 1.8344e-05
4.1000e+01 2.5374e-04 1.7799e-05
4.2000e+01 2.5558e-04 1.7247e-05
4.3000e+01 2.5795e-04 1.7261e-05
4.4000e+01 2.6068e-04 1.7171e-05
4.5000e+01 2.6180e-04 1.7134e-05
4.6000e+01 2.6192e-04 1.9077e-05
4.7000e+01 2.5878e-04 2.1141e-05
4.8000e+01 2.5142e-04 2.1845e-05
4.9000e+01 2.3954e-04 2.0994e-05
5.0000e+01 2.2472e-04 1.9110e-05
5.1000e+01 2.0913e-04 1.7244e-05
5.2000e+01 1.9259e-04 1.6857e-05
5.3000e+01 1.7601e-04 1.7847e-05
5.4000e+01 1.6004e-04 1.9250e-05
5.5000e+01 1.4530e-04 2.0065e-05
5.6000e+01 1.3188e-04 1.9885e-05
5.7000e+01 1.1954e-04 1.9015e-05
5.8000e+01 1.0808e-04 1.8160e-05
5.9000e+01 9.8200e-05 1.7385e-05
6.0000e+01 9.0592e-05 1.7217e-05
6.1000e+01 8.4176e-05 1.7600e-05
6.2000e+01 8.0541e-05 1.7335e-05
6.3000e+01 7.8777e-05 1.6409e-05
6.4000e+01 7.8560e-05 1.6381e-05
6.5000e+01 7.8492e-05 1.6275e-05
6.6000e+01 7.8776e-05 1.6247e-05
6.7000e+01 7.8448e-05 1.6399e-05
6.8000e+01 7.6418e-05 1.6500e-05
6.9000e+01 7.2163e-05 1.6207e-05
7.0000e+01 6.5194e-05 1.5813e-05
7.1000e+01 5.7782e-05 1.5585e-05
7.2000e+01 4.9861e-05 1.6316e-05
7.3000e+01 4.2801e-05 1.7205e-05
7.4000e+01 3.7781e-05 1.6731e-05
7.5000e+01 3.5088e-05 1.5816e-05
7.6000e+01 3.3671e-05 1.4672e-05
7.7000e+01 3.1761e-05 1.4435e-05
7.8000e+01 2.9092e-05 1.4940e-05
7.9000e+01 2.6268e-05 1.6208e-05
8.0000e+01 2.3289e-05 1.6642e-05
8.1000e+01 2.1282e-05 1.5742e-05
8.2000e+01 1.8832e-05 1.4716e-05
8.3000e+01 1.6766e-05 1.4264e-05
8.4000e+01 1.4849e-05 1.4953e-05
8.5000e+01 1.3179e-05 1.5611e-05
8.6000e+01 1.1635e-05 1.5525e-05
8.7000e+01 1.0365e-05 1.5139e-05
8.8000e+01 8.4737e-06 1.5096e-05
8.9000e+01 7.0477e-06 1.5524e-05
9.0000e+01 5.5057e-06 1.5767e-05
9.1000e+01 5.0348e-06 1.6024e-05
9.2000e+01 4.5796e-06 1.6253e-05
9.3000e+01 4.3835e-06 1.6754e-05
9.4000e+01 4.3861e-06 1.6908e-05
9.5000e+01 4.8654e-06 1.7224e-05
9.6000e+01 4.8952e-06 1.7299e-05
9.7000e+01 4.4358e-06 1.6554e-05
9.8000e+01 3.6560e-06 1.5474e-05
9.9000e+01 3.1405e-06 1.4701e-05
1.0000e+02 2.1573e-06 1.4964e-05
1.0100e+02 1.1025e-06 1.5575e-05
1.0200e+02 7.1267e-07 1.6285e-05
1.0300e+02 7.1466e-07 1.6161e-05
1.0400e+02 1.4946e-06 1.6034e-05
1.0500e+02 1.6089e-06 1.5897e-05
1.0600e+02 1.7433e-06 1.6058e-05
1.0700e+02 2.5911e-06 1.6247e-05
1.0800e+02 3.1714e-06 1.6290e-05
1.0900e+02 3.5644e-06 1.5740e-05
1.1000e+02 2.9540e-06 1.5758e-05
1.1100e+02 2.0385e-06 1.6090e-05
1.1200e+02 7.2876e-07 1.6175e-05
1.1300e+02 -4.4354e-07 1.6146e-05
1.1400e+02 -1.0433e-06 1.6446e-05
1.1500e+02 -9.3647e-07 1.7112e-05
1.1600e+02 -2.2186e-07 1.7143e-05
1.1700e+02 4.5656e-07 1.7337e-05
1.1800e+02 5.7222e-07 1.7248e-05
1.1900e+02 5.8847e-07 1.7012e-05
1.2000e+02 5.5177e-07 1.6599e-05
