5.0000e-01 8.5994e-03 5.6578e-05
1.5000e+00 8.3159e-03 1.5772e-04
2.5000e+00 7.8070e-03 2.6806e-04
3.5000e+00 7.1600e-03 3.7712e-04
4.5000e+00 6.4259e-03 4.6077e-04
5.5000e+00 5.6932e-03 4.8255e-04
6.5000e+00 4.9746e-03 4.8434e-04
7.5000e+00 4.3355e-03 4.6561e-04
8.5000e+00 3.7892e-03 4.1471e-04
9.5000e+00 3.3008e-03 3.8533e-04
1.0500e+01 2.9033e-03 3.3010e-04
1.1500e+01 2.5689e-03 2.7435e-04
1.2500e+01 2.3003e-03 2.2720e-04
1.3500e+01 2.0761e-03 1.8519e-04
1.4500e+01 1.8966e-03 1.5419e-04
1.5500e+01 1.7523e-03 1.2736e-04
1.6500e+01 1.6306e-03 1.0620e-04
1.7500e+01 1.5223e-03 8.6088e-05
1.8500e+01 1.4261e-03 7.1269e-05
1.9500e+01 1.3376e-03 6.2650e-05
2.0500e+01 1.2566e-03 5.7961e-05
2.1500e+01 1.1856e-03 5.4799e-05
2.2500e+01 1.1216e-03 5.0790e-05
2.3500e+01 1.0656e-03 4.5647e-05
2.4500e+01 1.0184e-03 4.1132e-05
2.5500e+01 9.8021e-04 3.9435e-05
2.6500e+01 9.4952e-04 4.1531e-05
2.7500e+01 9.2386e-04 4.9201e-05
2.8500e+01 9.0384e-04 5.8617e-05
2.9500e+01 8.8523e-04 6.6161e-05
3.0500e+01 8.6387e-04 7.0434e-05
3.1500e+01 8.3936e-04 7.1129e-05
3.2500e+01 8.1251e-04 7.0212e-05
3.3500e+01 7.7933e-04 6.8346e-05
3.4500e+01 7.4428e-04 6.7804e-05
3.5500e+01 7.0558e-04 6.7175e-05
3.6500e+01 6.6561e-04 6.9781e-05
3.7500e+01 6.2417e-04 7.3420e-05
3.8500e+01 5.8325e-04 7.8311e-05
3.9500e+01 5.4238e-04 8.4724e-05
4.0500e+01 5.0396e-04 9.1369e-05
4.1500e+01 4.7126e-04 9.5697e-05
4.2500e+01 4.4519e-04 9.6664e-05
4.3500e+01 4.2180e-04 9.5852e-05
4.4500e+01 4.0731e-04 9.0157e-05
4.5500e+01 3.9744e-04 8.1311e-05
4.6500e+01 3.8964e-04 7.0703e-05
4.7500e+01 3.8547e-04 5.8240e-05
4.8500e+01 3.8201e-04 4.6709e-05
4.9500e+01 3.7816e-04 3.7455e-05
5.0500e+01 3.7090e-04 3.2896e-05
5.1500e+01 3.6300e-04 3.3180e-05
5.2500e+01 3.5223e-04 3.6585e-05
5.3500e+01 3.4121e-04 4.0787e-05
5.4500e+01 3.3052e-04 4.4641e-05
5.5500e+01 3.1988e-04 4.7950e-05
5.6500e+01 3.1038e-04 5.0000e-05
5.7500e+01 3.0209e-04 5.1456e-05
5.8500e+01 2.9396e-04 5.2243e-05
5.9500e+01 2.8670e-04 5.2244e-05
6.0500e+01 2.7930e-04 5.1378e-05
6.1500e+01 2.7200e-04 4.9216e-05
6.2500e+01 2.6454e-04 4.5338e-05
6.3500e+01 2.5872e-04 4.0802e-05
6.4500e+01 2.5166e-04 3.6021e-05
6.5500e+01 2.4479e-04 3.2865e-05
6.6500e+01 2.3698e-04 3.1413e-05
6.7500e+01 2.2775e-04 3.1238e-05
6.8500e+01 2.1711e-04 3.0920e-05
6.9500e+01 2.0631e-04 2.9810e-05
7.0500e+01 1.9643e-04 2.8083e-05
7.1500e+01 1.8742e-04 2.6814e-05
7.2500e+01 1.8116e-04 2.6014e-05
7.3500e+01 1.7498e-04 2.6088e-05
7.4500e+01 1.7018e-04 2.6562e-05
7.5500e+01 1.6614e-04 2.6917e-05
7.6500e+01 1.6240e-04 2.7031e-05
7.7500e+01 1.5964e-04 2.6971e-05
7.8500e+01 1.5832e-04 2.6732e-05
7.9500e+01 1.5791e-04 2.6232e-05
8.0500e+01 1.5794e-04 2.5419e-05
8.1500e+01 1.5851e-04 2.4322e-05
8.2500e+01 1.5918e-04 2.3174e-05
8.3500e+01 1.5930e-04 2.2264e-05
8.4500e+01 1.5995e-04 2.1552e-05
8.5500e+01 1.6038e-04 2.1211e-05
8.6500e+01 1.6122e-04 2.0979e-05
8.7500e+01 1.6107e-04 2.1192e-05
8.8500e+01 1.5894e-04 2.1871e-05
8.9500e+01 1.5447e-04 2.1867e-05
9.0500e+01 1.4741e-04 2.1065e-05
9.1500e+01 1.3774e-04 1.9550e-05
9.2500e+01 1.2753e-04 1.8284e-05
9.3500e+01 1.1638e-04 1.7674e-05
9.4500e+01 1.0527e-04 1.8008e-05
9.5500e+01 9.5354e-05 1.8523e-05
9.6500e+01 8.6153e-05 1.9328e-05
9.7500e+01 7.8608e-05 2.0041e-05
9.8500e+01 7.2793e-05 2.0354e-05
9.9500e+01 6.7670e-05 2.0592e-05
1.0050e+02 6.3853e-05 1.9684e-05
1.0150e+02 6.0280e-05 1.8125e-05
1.0250e+02 5.6656e-05 1.7460e-05
1.0350e+02 5.3096e-05 1.7452e-05
1.0450e+02 4.9729e-05 1.8620e-05
1.0550e+02 4.7011e-05 2.0121e-05
1.0650e+02 4.5010e-05 2.0892e-05
1.0750e+02 4.3556e-05 2.1224e-05
1.0850e+02 4.2705e-05 2.0935e-05
1.0950e+02 4.1750e-05 2.0339e-05
1.1050e+02 4.1021e-05 1.9405e-05
1.1150e+02 3.9861e-05 1.8586e-05
1.1250e+02 3.8802e-05 1.7982e-05
1.1350e+02 3.7740e-05 1.7306e-05
1.1450e+02 3.6712e-05 1.7011e-05
1.1550e+02 3.5510e-05 1.7314e-05
1.1650e+02 3.4192e-05 1.7896e-05
1.1750e+02 3.2414e-05 1.8417e-05
1.1850e+02 2.9875e-05 1.8058e-05
1.1950e+02 2.7012e-05 1.7978e-05
1.2050e+02 2.4404e-05 1.8216e-05
1.2150e+02 2.1891e-05 1.8575e-05
1.2250e+02 1.9749e-05 1.8897e-05
1.2350e+02 1.8097e-05 1.9022e-05
1.2450e+02 1.6292e-05 1.8801e-05
1.2550e+02 1.4157e-05 1.8656e-05
1.2650e+02 1.1666e-05 1.8358e-05
1.2750e+02 8.8206e-06 1.9007e-05
1.2850e+02 6.3516e-06 1.9781e-05
1.2950e+02 5.1855e-06 2.0488e-05
1.3050e+02 4.4581e-06 2.0679e-05
1.3150e+02 4.2746e-06 2.0204e-05
1.3250e+02 4.1927e-06 1.9176e-05
1.3350e+02 3.4945e-06 1.8255e-05
1.3450e+02 2.6470e-06 1.7595e-05
1.3550e+02 1.5239e-06 1.7518e-05
1.3650e+02 4.7075e-07 1.7537e-05
1.3750e+02 -2.7809e-07 1.7579e-05
1.3850e+02 -2.5999e-07 1.7415e-05
1.3950e+02 -2.6614e-07 1.7292e-05
1.4050e+02 9.4481e-08 1.7232e-05
1.4150e+02 5.8428e-07 1.7290e-05
1.4250e+02 1.0418e-06 1.7850e-05
1.4350e+02 1.6257e-06 1.8343e-05
1.4450e+02 2.1868e-06 1.8543e-05
1.4550e+02 2.6636e-06 1.8092e-05
1.4650e+02 3.2655e-06 1.7443e-05
1.4750e+02 3.5829e-06 1.7098e-05
1.4850e+02 3.2821e-06 1.7528e-05
1.4950e+02 2.9166e-06 1.7934e-05
1.5050e+02 2.2584e-06 1.8015e-05
1.5150e+02 1.7004e-06 1.7901e-05
1.5250e+02 1.5484e-06 1.7617e-05
1.5350e+02 1.6779e-06 1.7679e-05
1.5450e+02 2.0885e-06 1.7742e-05
1.5550e+02 2.7737e-06 1.7794e-05
1.5650e+02 2.8252e-06 1.7609e-05
1.5750e+02 2.4676e-06 1.7785e-05
1.5850e+02 1.6708e-06 1.8024e-05
1.5950e+02 1.0247e-06 1.8156e-05
1.6050e+02 4.2424e-07 1.7824e-05
1.6150e+02 4.6337e-07 1.7253e-05
1.6250e+02 4.1855e-07 1.7034e-05
1.6350e+02 2.1419e-07 1.7153e-05
1.6450e+02 -3.8438e-07 1.7251e-05
1.6550e+02 -9.3983e-07 1.7419e-05
1.6650e+02 -1.6753e-06 1.7284e-05
1.6750e+02 -2.0593e-06 1.7269e-05
1.6850e+02 -1.9156e-06 1.7234e-05
1.6950e+02 -1.8975e-06 1.7096e-05
1.7050e+02 -1.4813e-06 1.7348e-05
1.7150e+02 -1.2429e-06 1.7823e-05
1.7250e+02 -1.1326e-06 1.8071e-05
1.7350e+02 -1.0522e-06 1.7966e-05
1.7450e+02 -1.0815e-06 1.7456e-05
1.7550e+02 -1.1238e-06 1.6760e-05
1.7650e+02 -1.3281e-06 1.6314e-05
1.7750e+02 -1.2973e-06 1.6158e-05
1.7850e+02 -1.1277e-06 1.6423e-05
1.7950e+02 -6.0516e-07 1.6567e-05
1.8050e+02 3.0865e-08 1.6736e-05
1.8150e+02 4.7540e-07 1.7071e-05
1.8250e+02 1.0261e-06 1.7794e-05
1.8350e+02 9.0077e-07 1.8326e-05
1.8450e+02 8.1795e-07 1.8275e-05
1.8550e+02 6.2919e-07 1.7939e-05
1.8650e+02 4.4455e-07 1.7819e-05
1.8750e+02 2.6517e-07 1.8151e-05
1.8850e+02 -1.4471e-07 1.8503e-05
1.8950e+02 -6.0466e-07 1.8471e-05
1.9050e+02 -9.8371e-07 1.8316e-05
1.9150e+02 -1.2842e-06 1.8292e-05
1.9250e+02 -1.0102e-06 1.8470e-05
1.9350e+02 -3.4573e-07 1.8174e-05
1.9450e+02 2.9392e-08 1.7903e-05
1.9550e+02 4.8107e-07 1.7552e-05
1.9650e+02 7.7846e-07 1.7253e-05
1.9750e+02 7.9292e-07 1.7169e-05
1.9850e+02 8.1912e-07 1.7117e-05
1.9950e+02 8.0131e-07 1.7297e-05
2.0050e+02 8.0442e-07 1.7745e-05
2.0150e+02 1.0225e-06 1.8093e-05
2.0250e+02 1.1711e-06 1.8244e-05
2.0350e+02 1.3102e-06 1.7988e-05
2.0450e+02 1.4070e-06 1.7610e-05
2.0550e+02 1.7131e-06 1.7527e-05
2.0650e+02 1.6503e-06 1.7701e-05
2.0750e+02 1.8440e-06 1.8073e-05
2.0850e+02 1.7269e-06 1.8349e-05
2.0950e+02 1.6429e-06 1.8530e-05
2.1050e+02 1.4923e-06 1.8501e-05
2.1150e+02 1.1333e-06 1.8379e-05
2.1250e+02 1.2145e-06 1.8103e-05
2.1350e+02 1.0212e-06 1.7529e-05
2.1450e+02 1.3688e-06 1.7141e-05
2.1550e+02 1.5546e-06 1.6761e-05
2.1650e+02 1.7614e-06 1.6431e-05
2.1750e+02 1.7039e-06 1.6387e-05
2.1850e+02 1.2865e-06 1.6761e-05
2.1950e+02 5.1036e-07 1.7172e-05
2.2050e+02 -8.6333e-08 1.7246e-05
2.2150e+02 -1.0189e-06 1.7220e-05
2.2250e+02 -1.7681e-06 1.7232e-05
2.2350e+02 -2.0211e-06 1.7625e-05
2.2450e+02 -2.2753e-06 1.8207e-05
2.2550e+02 -2.5423e-06 1.8766e-05
2.2650e+02 -2.5186e-06 1.8955e-05
2.2750e+02 -2.5610e-06 1.8884e-05
2.2850e+02 -2.2538e-06 1.8911e-05
2.2950e+02 -1.7211e-06 1.8635e-05
2.3050e+02 -8.6785e-07 1.8284e-05
2.3150e+02 -1.7525e-07 1.7778e-05
2.3250e+02 3.5872e-07 1.7597e-05
2.3350e+02 4.9603e-07 1.7422e-05
2.3450e+02 4.9688e-07 1.7156e-05
2.3550e+02 3.3119e-07 1.6779e-05
2.3650e+02 3.2402e-07 1.6398e-05
2.3750e+02 5.5554e-07 1.6503e-05
2.3850e+02 1.0069e-06 1.6973e-05
2.3950e+02 1.2063e-06 1.7313e-05
2.4050e+02 1.0503e-06 1.7502e-05
2.4150e+02 8.3037e-07 1.7401e-05
2.4250e+02 3.8321e-07 1.6996e-05
2.4350e+02 -3.3055e-07 1.6535e-05
2.4450e+02 -8.5732e-07 1.6339e-05
2.4550e+02 -9.6589e-07 1.6232e-05
2.4650e+02 -9.1013e-07 1.6570e-05
2.4750e+02 -5.7490e-07 1.6922e-05
2.4850e+02 -2.2923e-07 1.7238e-05
2.4950e+02 3.5146e-07 1.7711e-05
2.5050e+02 8.2873e-07 1.8119e-05
2.5150e+02 1.3615e-06 1.8271e-05
2.5250e+02 1.7742e-06 1.7969e-05
2.5350e+02 1.7960e-06 1.7329e-05
2.5450e+02 1.4024e-06 1.6565e-05
2.5550e+02 7.9810e-07 1.6086e-05
2.5650e+02 3.1785e-07 1.6168e-05
2.5750e+02 7.1519e-08 1.6552e-05
2.5850e+02 -1.4604e-07 1.6834e-05
2.5950e+02 -9.0853e-08 1.6909e-05
2.6050e+02 -3.8691e-07 1.6891e-05
2.6150e+02 -6.3194e-07 1.7018e-05
2.6250e+02 -9.2379e-07 1.7190e-05
2.6350e+02 -9.6531e-07 1.7236e-05
2.6450e+02 -1.0176e-06 1.6962e-05
2.6550e+02 -1.1222e-06 1.6776e-05
2.6650e+02 -1.2037e-06 1.6764e-05
2.6750e+02 -1.5415e-06 1.7040e-05
2.6850e+02 -1.9380e-06 1.7684e-05
2.6950e+02 -1.9296e-06 1.8265e-05
2.7050e+02 -1.7421e-06 1.8473e-05
2.7150e+02 -1.1766e-06 1.8134e-05
2.7250e+02 -4.9996e-07 1.7453e-05
2.7350e+02 2.7966e-08 1.7077e-05
2.7450e+02 3.5594e-07 1.7158e-05
2.7550e+02 2.5236e-07 1.7441e-05
2.7650e+02 -2.7982e-07 1.7619e-05
2.7750e+02 -7.9068e-07 1.7525e-05
2.7850e+02 -1.4371e-06 1.7467e-05
2.7950e+02 -1.8427e-06 1.7068e-05
2.8050e+02 -1.8358e-06 1.6559e-05
2.8150e+02 -1.5437e-06 1.6317e-05
2.8250e+02 -1.1772e-06 1.6588e-05
2.8350e+02 -5.7414e-07 1.7154e-05
2.8450e+02 1.1436e-07 1.7479e-05
2.8550e+02 4.8462e-07 1.7501e-05
2.8650e+02 7.5673e-07 1.7311e-05
2.8750e+02 1.2134e-06 1.7097e-05
2.8850e+02 1.3834e-06 1.6869e-05
2.8950e+02 1.7806e-06 1.6982e-05
2.9050e+02 1.9589e-06 1.7375e-05
2.9150e+02 1.9671e-06 1.7895e-05
2.9250e+02 1.6809e-06 1.8210e-05
2.9350e+02 1.1207e-06 1.8423e-05
2.9450e+02 5.5832e-07 1.8420e-05
2.9550e+02 5.3310e-08 1.8595e-05
2.9650e+02 2.5319e-08 1.8426e-05
2.9750e+02 2.0657e-07 1.8469e-05
2.9850e+02 7.1161e-07 1.8377e-05
2.9950e+02 1.1859e-06 1.8156e-05
