1.0000e+00 2.4394e-03 1.3806e-04
2.0000e+00 2.2210e-03 1.7683e-04
3.0000e+00 1.9819e-03 1.5543e-04
4.0000e+00 1.7707e-03 1.2140e-04
5.0000e+00 1.5889e-03 7.9643e-05
6.0000e+00 1.4660e-03 6.0393e-05
7.0000e+00 1.3653e-03 5.7494e-05
8.0000e+00 1.2618e-03 5.9233e-05
9.0000e+00 1.1672e-03 5.9795e-05
1.0000e+01 1.0852e-03 5.0690e-05
1.1000e+01 1.0147e-03 4.1259e-05
1.2000e+01 9.6144e-04 3.7326e-05
1.3000e+01 9.1961e-04 3.5811e-05
1.4000e+01 8.8097e-04 3.1904e-05
1.5000e+01 8.4225e-04 3.1750e-05
1.6000e+01 7.9959e-04 3.9343e-05
1.7000e+01 7.5662e-04 4.5695e-05
1.8000e+01 7.1374e-04 4.1800e-05
1.9000e+01 6.7232e-04 3.1227e-05
2.0000e+01 6.3115e-04 2.7447e-05
2.1000e+01 5.9047e-04 3.0755e-05
2.2000e+01 5.6629e-04 3.1222e-05
2.3000e+01 5.5703e-04 3.2454e-05
2.4000e+01 5.4989e-04 3.4572e-05
2.5000e+01 5.2976e-04 4.0516e-05
2.6000e+01 4.9092e-04 4.5925e-05
2.7000e+01 4.3520e-04 4.7086e-05
2.8000e+01 3.6872e-04 4.3753e-05
2.9000e+01 2.9822e-04 4.2149e-05
3.0000e+01 2.2672e-04 3.9660e-05
3.1000e+01 1.6175e-04 3.8879e-05
3.2000e+01 1.0559e-04 3.5453e-05
3.3000e+01 6.2401e-05 3.1006e-05
3.4000e+01 3.4404e-05 2.6543e-05
3.5000e+01 1.7750e-05 2.0115e-05
3.6000e+01 1.1203e-05 1.5002e-05
3.7000e+01 9.9709e-06 1.1599e-05
3.8000e+01 8.2210e-06 1.2235e-05
3.9000e+01 4.2016e-06 1.5583e-05
4.0000e+01 -2.0227e-08 1.5803e-05
4.1000e+01 -1.3625e-06 1.3243e-05
4.2000e+01 -3.0144e-06 1.2466e-05
4.3000e+01 -4.5603e-06 1.5248e-05
4.4000e+01 -1.7339e-06 1.6442e-05
4.5000e+01 6.2720e-06 1.7410e-05
4.6000e+01 1.1401e-05 1.9594e-05
4.7000e+01 7.6297e-06 1.7957e-05
4.8000e+01 -1.6780e-06 1.4064e-05
4.9000e+01 -6.8267e-06 1.2929e-05
5.0000e+01 -4.3134e-06 1.4475e-05
5.1000e+01 2.3134e-06 1.4858e-05
5.2000e+01 9.4077e-06 1.5475e-05
5.3000e+01 1.1009e-05 1.5264e-05
5.4000e+01 7.8844e-06 1.3475e-05
5.5000e+01 2.0243e-06 1.2202e-05
5.6000e+01 -3.3907e-06 1.2037e-05
5.7000e+01 -5.7329e-06 1.3713e-05
5.8000e+01 -5.8587e-06 1.5734e-05
5.9000e+01 -4.4934e-06 1.6040e-05
6.0000e+01 -2.0778e-06 1.5584e-05
6.1000e+01 -2.0354e-07 1.6694e-05
6.2000e+01 1.0094e-06 1.8163e-05
6.3000e+01 -3.3930e-07 1.8741e-05
6.4000e+01 -1.6193e-06 1.7068e-05
6.5000e+01 -1.2308e-06 1.5930e-05
6.6000e+01 1.8518e-06 1.7085e-05
6.7000e+01 6.4437e-06 2.0620e-05
6.8000e+01 8.0135e-06 2.0529e-05
6.9000e+01 6.1152e-06 1.6693e-05
7.0000e+01 1.9321e-06 1.5630e-05
7.1000e+01 -3.8459e-06 1.8053e-05
7.2000e+01 -8.8049e-06 1.8036e-05
7.3000e+01 -1.3448e-05 1.6618e-05
7.4000e+01 -1.2422e-05 1.6344e-05
7.5000e+01 -2.8735e-06 1.5902e-05
7.6000e+01 8.8809e-06 1.7078e-05
7.7000e+01 1.4227e-05 1.5766e-05
7.8000e+01 9.3449e-06 1.4373e-05
7.9000e+01 1.4775e-06 1.6978e-05
8.0000e+01 -2.4460e-06 1.9027e-05
8.1000e+01 -2.5545e-06 1.8873e-05
8.2000e+01 -3.2276e-07 1.8939e-05
8.3000e+01 1.7701e-06 1.9019e-05
8.4000e+01 4.0938e-06 1.8953e-05
8.5000e+01 4.5155e-06 1.7210e-05
8.6000e+01 4.0475e-06 1.5695e-05
8.7000e+01 3.7237e-06 1.3887e-05
8.8000e+01 2.6760e-07 1.4907e-05
8.9000e+01 -3.3750e-06 1.5001e-05
9.0000e+01 -3.9429e-06 1.2482e-05
9.1000e+01 3.3422e-07 1.3833e-05
9.2000e+01 4.1408e-06 1.4766e-05
9.3000e+01 5.1125e-06 1.3637e-05
9.4000e+01 1.9983e-06 1.3615e-05
9.5000e+01 -9.1168e-07 1.4152e-05
9.6000e+01 -1.8779e-06 1.5056e-05
9.7000e+01 -2.6115e-07 1.6534e-05
9.8000e+01 2.0263e-06 1.6913e-05
9.9000e+01 3.8157e-06 1.3511e-05
1.0000e+02 5.3136e-06 1.4534e-05
1.0100e+02 5.1538e-06 1.8655e-05
1.0200e+02 3.3201e-06 1.8305e-05
1.0300e+02 -7.6359e-08 1.7098e-05
1.0400e+02 -3.5743e-06 1.7180e-05
1.0500e+02 -3.2519e-06 1.5985e-05
1.0600e+02 -3.8212e-07 1.5502e-05
1.0700e+02 3.3917e-06 1.4445e-05
1.0800e+02 7.3208e-06 1.3439e-05
1.0900e+02 7.6639e-06 1.4988e-05
1.1000e+02 4.0944e-06 1.5773e-05
1.1100e+02 -2.0598e-07 1.6244e-05
1.1200e+02 -2.2796e-06 1.6266e-05
1.1300e+02 -1.2700e-06 1.7427e-05
1.1400e+02 -1.1330e-06 1.7933e-05
1.1500e+02 -1.4017e-06 1.6714e-05
1.1600e+02 2.1362e-07 1.7245e-05
1.1700e+02 3.1212e-06 1.8064e-05
1.1800e+02 6.3911e-06 1.8236e-05
1.1900e+02 5.7076e-06 1.8066e-05
1.2000e+02 2.1161e-06 1.6809e-05
